#FargoCPT quantities file
#version: 2.1
#variable: 0 | time step | 1
#variable: 1 | analysis time step | 1
#variable: 2 | physical time | 5.9551995752415031e+07 s
#variable: 3 | mass | 1.9889199999999999e+33 g
#variable: 4 | angular momentum | 2.0210567379255662e+53 cm^2 g s^-1
#variable: 5 | total energy | 3.3937682732381074e+45 erg
#variable: 6 | internal energy | 3.3937682732381074e+45 erg
#variable: 7 | kinematic energy | 3.3937682732381074e+45 erg
#variable: 8 | potential energy | 3.3937682732381074e+45 erg
#variable: 9 | radial kinetic energy | 3.3937682732381074e+45 erg
#variable: 10 | azimuthal kinetic energy | 3.3937682732381074e+45 erg
#variable: 11 | eccentricity | 1
#variable: 12 | periastron | 1
#variable: 13 | qplus | 5.6988321388044797e+37 erg cm2/s/g
#variable: 14 | qminus | 5.6988321388044797e+37 erg cm2/s/g
#variable: 15 | pdivv | 9.4173422377029495e+09 dyn/cm/s
#variable: 16 | delta mass inner positive | 1.9889199999999999e+33 g
#variable: 17 | delta mass inner negative | 1.9889199999999999e+33 g
#variable: 18 | delta mass outer positive | 1.9889199999999999e+33 g
#variable: 19 | delta mass outer negative | 1.9889199999999999e+33 g
#variable: 20 | delta mass wave damping positive | 1.9889199999999999e+33 g
#variable: 21 | delta mass wave damping negative | 1.9889199999999999e+33 g
#variable: 22 | delta mass floor density positive | 1.9889199999999999e+33 g
0	0	0.0000000000000000e+00	7.8099886482154964e-03	1.2342745646687862e-02	2.1305121612418300e-03	0.0000000000000000e+00	2.1305121612418300e-03	0.0000000000000000e+00	0.0000000000000000e+00	2.1305121612418300e-03	5.0050141481563573e-03	-3.8312105531582673e-02	0.0000000000000000e+00	0.0000000000000000e+00	0.0000000000000000e+00	0.0000000000000000e+00	0.0000000000000000e+00	0.0000000000000000e+00	0.0000000000000000e+00	0.0000000000000000e+00	0.0000000000000000e+00	0.0000000000000000e+00
0	1	6.2831853100000001e-02	7.8099490716905832e-03	1.2342720654502620e-02	6.4130493824304628e-03	0.0000000000000000e+00	2.1305873100792429e-03	4.2824620723512195e-03	7.4716826467435082e-10	2.1305865629109889e-03	5.0284773551630014e-03	1.4175450023741983e-02	0.0000000000000000e+00	0.0000000000000000e+00	0.0000000000000000e+00	0.0000000000000000e+00	-3.9576524930622577e-08	0.0000000000000000e+00	0.0000000000000000e+00	0.0000000000000000e+00	0.0000000000000000e+00	0.0000000000000000e+00
0	2	1.2566370620000000e-01	7.8098717547161137e-03	1.2342671862108287e-02	6.4132633412772276e-03	0.0000000000000000e+00	2.1307388645500237e-03	4.2825244767272039e-03	2.9780250759645104e-09	2.1307358865249454e-03	5.1140643458012407e-03	5.9739459165250100e-03	0.0000000000000000e+00	0.0000000000000000e+00	0.0000000000000000e+00	0.0000000000000000e+00	-7.7316974469447697e-08	0.0000000000000000e+00	0.0000000000000000e+00	0.0000000000000000e+00	0.0000000000000000e+00	0.0000000000000000e+00
0	3	1.8849555930000000e-01	7.8097603093734199e-03	1.2342601544365303e-02	6.4136052947822760e-03	0.0000000000000000e+00	2.1309676895122139e-03	4.2826376052700621e-03	6.6619619048108781e-09	2.1309610275503082e-03	5.2579613499301112e-03	-1.8501333174799180e-02	0.0000000000000000e+00	0.0000000000000000e+00	0.0000000000000000e+00	0.0000000000000000e+00	-1.1144534269925512e-07	0.0000000000000000e+00	0.0000000000000000e+00	0.0000000000000000e+00	0.0000000000000000e+00	0.0000000000000000e+00
0	4	2.5132741240000001e-01	7.8096199531007444e-03	1.2342512988000391e-02	6.4140840658875320e-03	0.0000000000000000e+00	2.1312749790384257e-03	4.2828090868491063e-03	1.1751182993016941e-08	2.1312632278554342e-03	5.4544893352384879e-03	-4.5007884991332238e-03	0.0000000000000000e+00	0.0000000000000000e+00	0.0000000000000000e+00	0.0000000000000000e+00	-1.4035627267029491e-07	0.0000000000000000e+00	0.0000000000000000e+00	0.0000000000000000e+00	0.0000000000000000e+00	0.0000000000000000e+00
0	5	3.1415926550000001e-01	7.8094572633448768e-03	1.2342410337718875e-02	6.4147105017828016e-03	0.0000000000000000e+00	2.1316621206942847e-03	4.2830483810885169e-03	1.8184677885447400e-08	2.1316439360163997e-03	5.6971096568026050e-03	1.5183024533227611e-02	0.0000000000000000e+00	0.0000000000000000e+00	0.0000000000000000e+00	0.0000000000000000e+00	-1.6268975587309506e-07	0.0000000000000000e+00	0.0000000000000000e+00	0.0000000000000000e+00	0.0000000000000000e+00	0.0000000000000000e+00
0	6	3.7699111860000001e-01	7.8092798693343169e-03	1.2342298402677327e-02	6.4154967458398089e-03	0.0000000000000000e+00	2.1321305241301146e-03	4.2833662217096943e-03	2.5893000518045816e-08	2.1321046311295984e-03	5.9792854606229556e-03	-9.4450227431411137e-03	0.0000000000000000e+00	0.0000000000000000e+00	0.0000000000000000e+00	0.0000000000000000e+00	-1.7739401055583566e-07	0.0000000000000000e+00	0.0000000000000000e+00	0.0000000000000000e+00	0.0000000000000000e+00	0.0000000000000000e+00
0	7	4.3982297170000001e-01	7.8090960953291731e-03	1.2342182432222281e-02	6.4164553950947795e-03	0.0000000000000000e+00	2.1326814223334082e-03	4.2837739727613717e-03	3.4803279594092237e-08	2.1326466190538132e-03	6.2950724305265047e-03	1.7902603628234730e-03	0.0000000000000000e+00	0.0000000000000000e+00	0.0000000000000000e+00	0.0000000000000000e+00	-1.8377400514252090e-07	0.0000000000000000e+00	0.0000000000000000e+00	0.0000000000000000e+00	0.0000000000000000e+00	0.0000000000000000e+00
0	8	5.0265482480000001e-01	7.8089145718493449e-03	1.2342067871184687e-02	6.4175985971907379e-03	0.0000000000000000e+00	2.1333156618285804e-03	4.2842829353621570e-03	4.4843892199301737e-08	2.1332708179363806e-03	6.6393585686318540e-03	2.1467389801298354e-02	0.0000000000000000e+00	0.0000000000000000e+00	0.0000000000000000e+00	0.0000000000000000e+00	-1.8152347983496468e-07	0.0000000000000000e+00	0.0000000000000000e+00	0.0000000000000000e+00	0.0000000000000000e+00	0.0000000000000000e+00
0	9	5.6548667790000007e-01	7.8087438325464189e-03	1.2341960105796513e-02	6.4189370959517131e-03	0.0000000000000000e+00	2.1340334768595753e-03	4.2849036190921383e-03	5.5948365903652533e-08	2.1339775284936677e-03	7.0077955769902965e-03	1.4700997933933271e-02	0.0000000000000000e+00	0.0000000000000000e+00	0.0000000000000000e+00	0.0000000000000000e+00	-1.7073930292068242e-07	0.0000000000000000e+00	0.0000000000000000e+00	0.0000000000000000e+00	0.0000000000000000e+00	0.0000000000000000e+00
0	10	6.2831853100000012e-01	7.8085919146463076e-03	1.2341864211510055e-02	6.4204793227517938e-03	0.0000000000000000e+00	2.1348342830386450e-03	4.2856450397131488e-03	6.8058164398238071e-08	2.1347662248742435e-03	7.3968781254339895e-03	1.8186728858674051e-02	0.0000000000000000e+00	0.0000000000000000e+00	0.0000000000000000e+00	0.0000000000000000e+00	-1.5191790011537023e-07	0.0000000000000000e+00	0.0000000000000000e+00	0.0000000000000000e+00	0.0000000000000000e+00	0.0000000000000000e+00
0	11	6.9115038410000018e-01	7.8084659820247468e-03	1.2341784714821710e-02	6.4222306197899513e-03	0.0000000000000000e+00	2.1357165237926145e-03	4.2865140959973368e-03	8.1124222216324344e-08	2.1356353995703953e-03	7.8038937558463995e-03	1.3004937749931514e-02	0.0000000000000000e+00	0.0000000000000000e+00	0.0000000000000000e+00	0.0000000000000000e+00	-1.2593262155580229e-07	0.0000000000000000e+00	0.0000000000000000e+00	0.0000000000000000e+00	0.0000000000000000e+00	0.0000000000000000e+00
0	12	7.5398223720000024e-01	7.8083719460328733e-03	1.2341725353504496e-02	6.4241922797083021e-03	0.0000000000000000e+00	2.1366774257755455e-03	4.2875148539327571e-03	9.5107230088363026e-08	2.1365823185454567e-03	8.2269254021253794e-03	1.0491292679470347e-02	0.0000000000000000e+00	0.0000000000000000e+00	0.0000000000000000e+00	0.0000000000000000e+00	-9.4035991871816658e-08	0.0000000000000000e+00	0.0000000000000000e+00	0.0000000000000000e+00	0.0000000000000000e+00	0.0000000000000000e+00
0	13	8.1681409030000030e-01	7.8083110633262775e-03	1.2341686929050759e-02	6.4263499996905383e-03	0.0000000000000000e+00	2.1377093552002479e-03	4.2886406444902899e-03	1.0997644801128293e-07	2.1375993787522357e-03	8.6642274195011838e-03	1.0999815544081490e-02	0.0000000000000000e+00	0.0000000000000000e+00	0.0000000000000000e+00	0.0000000000000000e+00	-6.0882706610942255e-08	0.0000000000000000e+00	0.0000000000000000e+00	0.0000000000000000e+00	0.0000000000000000e+00	0.0000000000000000e+00
0	14	8.7964594340000035e-01	7.8082821226002925e-03	1.2341668686392417e-02	6.4286820023726557e-03	0.0000000000000000e+00	2.1388025079804550e-03	4.2898794943922007e-03	1.2570768567646182e-07	2.1386768002947761e-03	9.1145285193579336e-03	1.4139115255772206e-02	0.0000000000000000e+00	0.0000000000000000e+00	0.0000000000000000e+00	0.0000000000000000e+00	-2.8940725978687390e-08	0.0000000000000000e+00	0.0000000000000000e+00	0.0000000000000000e+00	0.0000000000000000e+00	0.0000000000000000e+00
0	15	9.4247779650000041e-01	7.8082745480192242e-03	1.2341663961223475e-02	6.4311350193315912e-03	0.0000000000000000e+00	2.1399372212417694e-03	4.2911977980898217e-03	1.4228147813521919e-07	2.1397949397636315e-03	9.5767748783118778e-03	1.0795592958270369e-02	0.0000000000000000e+00	0.0000000000000000e+00	0.0000000000000000e+00	0.0000000000000000e+00	-7.5745810607032221e-09	0.0000000000000000e+00	0.0000000000000000e+00	0.0000000000000000e+00	0.0000000000000000e+00	0.0000000000000000e+00
0	16	1.0053096496000005e+00	7.8082711252355254e-03	1.2341661902058461e-02	6.4336342337753183e-03	0.0000000000000000e+00	2.1410872377560994e-03	4.2925469960192189e-03	1.5967994030297998e-07	2.1409275578157935e-03	1.0049989935153936e-02	1.5908859569484422e-02	0.0000000000000000e+00	0.0000000000000000e+00	0.0000000000000000e+00	0.0000000000000000e+00	-3.4227837035261861e-09	0.0000000000000000e+00	0.0000000000000000e+00	0.0000000000000000e+00	0.0000000000000000e+00	0.0000000000000000e+00
0	17	1.0681415027000005e+00	7.8082690897852657e-03	1.2341660781391674e-02	6.4361580675158913e-03	0.0000000000000000e+00	2.1422438925377042e-03	4.2939141749781876e-03	1.7788893996425876e-07	2.1420660035977356e-03	1.0533485284226849e-02	1.2076474105829231e-02	0.0000000000000000e+00	0.0000000000000000e+00	0.0000000000000000e+00	0.0000000000000000e+00	-2.0354502554289498e-09	0.0000000000000000e+00	0.0000000000000000e+00	0.0000000000000000e+00	0.0000000000000000e+00	0.0000000000000000e+00
0	18	1.1309733558000006e+00	7.8082672877191443e-03	1.2341659893915077e-02	6.4386928911612648e-03	0.0000000000000000e+00	2.1434015064626414e-03	4.2952913846986233e-03	1.9689640094944763e-07	2.1432046100616936e-03	1.1026728165238581e-02	4.4129922392304559e-03	0.0000000000000000e+00	0.0000000000000000e+00	0.0000000000000000e+00	0.0000000000000000e+00	-1.8020661234710867e-09	0.0000000000000000e+00	0.0000000000000000e+00	0.0000000000000000e+00	0.0000000000000000e+00	0.0000000000000000e+00
0	19	1.1938052089000006e+00	7.8082648914802183e-03	1.2341658748480439e-02	6.4412285281821632e-03	0.0000000000000000e+00	2.1445559435954234e-03	4.2966725845867398e-03	2.1669000285430856e-07	2.1443392535925717e-03	1.1528995900401694e-02	1.1698180486714765e-02	0.0000000000000000e+00	0.0000000000000000e+00	0.0000000000000000e+00	0.0000000000000000e+00	-2.3962389392917661e-09	0.0000000000000000e+00	0.0000000000000000e+00	0.0000000000000000e+00	0.0000000000000000e+00	0.0000000000000000e+00
0	20	1.2566370620000007e+00	7.8082608980598392e-03	1.2341656753620200e-02	6.4437563603278458e-03	0.0000000000000000e+00	2.1457039756126155e-03	4.2980523847152303e-03	2.3725656515629870e-07	2.1454667190474569e-03	1.2039741345871253e-02	-1.2624128446876340e-02	0.0000000000000000e+00	0.0000000000000000e+00	0.0000000000000000e+00	0.0000000000000000e+00	-3.9934203575789280e-09	0.0000000000000000e+00	0.0000000000000000e+00	0.0000000000000000e+00	0.0000000000000000e+00	0.0000000000000000e+00
0	21	1.3194689151000007e+00	7.8082540561022346e-03	1.2341653174351494e-02	6.4462691647678609e-03	0.0000000000000000e+00	2.1468432455890229e-03	4.2994259191788380e-03	2.5858140149490762e-07	2.1465846641875270e-03	1.2558342248338291e-02	-1.4465731977137021e-02	0.0000000000000000e+00	0.0000000000000000e+00	0.0000000000000000e+00	0.0000000000000000e+00	-6.8419576109669060e-09	0.0000000000000000e+00	0.0000000000000000e+00	0.0000000000000000e+00	0.0000000000000000e+00	0.0000000000000000e+00
0	22	1.3823007682000008e+00	7.8082426018147256e-03	1.2341646967912200e-02	6.4487601338467596e-03	0.0000000000000000e+00	2.1479719466704888e-03	4.3007881871762708e-03	2.8064991101743216e-07	2.1476912967594644e-03	1.3084586821424769e-02	-3.1407268447899754e-02	0.0000000000000000e+00	0.0000000000000000e+00	0.0000000000000000e+00	0.0000000000000000e+00	-1.1454287510598672e-08	0.0000000000000000e+00	0.0000000000000000e+00	0.0000000000000000e+00	0.0000000000000000e+00	0.0000000000000000e+00
0	23	1.4451326213000009e+00	7.8082245733419615e-03	1.2341636976601567e-02	6.4512230291461003e-03	0.0000000000000000e+00	2.1490886689778353e-03	4.3021343601682650e-03	3.0344785479251598e-07	2.1487852211230446e-03	1.3616278232827340e-02	-2.5246647615668548e-02	0.0000000000000000e+00	0.0000000000000000e+00	0.0000000000000000e+00	0.0000000000000000e+00	-1.8028472763871391e-08	0.0000000000000000e+00	0.0000000000000000e+00	0.0000000000000000e+00	0.0000000000000000e+00	0.0000000000000000e+00
0	24	1.5079644744000009e+00	7.8081979453980804e-03	1.2341622012366424e-02	6.4536526792029801e-03	0.0000000000000000e+00	2.1501926157722904e-03	4.3034600634306898e-03	3.2696117209903152e-07	2.1498656546001891e-03	1.4152092647998750e-02	-3.4402617626562562e-02	0.0000000000000000e+00	0.0000000000000000e+00	0.0000000000000000e+00	0.0000000000000000e+00	-2.6627943888602813e-08	0.0000000000000000e+00	0.0000000000000000e+00	0.0000000000000000e+00	0.0000000000000000e+00	0.0000000000000000e+00
0	25	1.5707963275000010e+00	7.8081606836313509e-03	1.2341600890960359e-02	6.4560449344486306e-03	0.0000000000000000e+00	2.1512835301708199e-03	4.3047614042778107e-03	3.5117682694196652e-07	2.1509323533438762e-03	1.4691383908920089e-02	-3.8796669088256720e-02	0.0000000000000000e+00	0.0000000000000000e+00	0.0000000000000000e+00	0.0000000000000000e+00	-3.7261766714236364e-08	0.0000000000000000e+00	0.0000000000000000e+00	0.0000000000000000e+00	0.0000000000000000e+00	0.0000000000000000e+00
0	26	1.6336281806000010e+00	7.8081103721403455e-03	1.2341572195656339e-02	6.4583949840337739e-03	0.0000000000000000e+00	2.1523610766177570e-03	4.3060339074160164e-03	3.7608292625077320e-07	2.1519849936915097e-03	1.5233597128683865e-02	-3.5380269505437600e-02	0.0000000000000000e+00	0.0000000000000000e+00	0.0000000000000000e+00	0.0000000000000000e+00	-5.0311491013690124e-08	0.0000000000000000e+00	0.0000000000000000e+00	0.0000000000000000e+00	0.0000000000000000e+00	0.0000000000000000e+00
0	27	1.6964600337000011e+00	7.8080451688689765e-03	1.2341534876610993e-02	6.4607004861022936e-03	0.0000000000000000e+00	2.1534258008828102e-03	4.3072746852194834e-03	4.0166833258458350e-07	2.1530241325502220e-03	1.5778178728091889e-02	-3.8661816827606089e-02	0.0000000000000000e+00	0.0000000000000000e+00	0.0000000000000000e+00	0.0000000000000000e+00	-6.5203271366419963e-08	0.0000000000000000e+00	0.0000000000000000e+00	0.0000000000000000e+00	0.0000000000000000e+00	0.0000000000000000e+00
0	28	1.7592918868000011e+00	7.8079634671313711e-03	1.2341488029479604e-02	6.4629594663629690e-03	0.0000000000000000e+00	2.1544782882642341e-03	4.3084811780987348e-03	4.2792264067398775e-07	2.1540503656235586e-03	1.6324666186571458e-02	-4.0862235128811313e-02	0.0000000000000000e+00	0.0000000000000000e+00	0.0000000000000000e+00	0.0000000000000000e+00	-8.1701737605588096e-08	0.0000000000000000e+00	0.0000000000000000e+00	0.0000000000000000e+00	0.0000000000000000e+00	0.0000000000000000e+00
0	29	1.8221237399000012e+00	7.8078619505385204e-03	1.2341429665317143e-02	6.4651637736508399e-03	0.0000000000000000e+00	2.1555171024654042e-03	4.3096466711854357e-03	4.5483558007482231e-07	2.1550622668853317e-03	1.6872782283313570e-02	-3.5005645395608659e-02	0.0000000000000000e+00	0.0000000000000000e+00	0.0000000000000000e+00	0.0000000000000000e+00	-1.0151659286193632e-07	0.0000000000000000e+00	0.0000000000000000e+00	0.0000000000000000e+00	0.0000000000000000e+00	0.0000000000000000e+00
0	30	1.8849555930000013e+00	7.8077373938116330e-03	1.2341357840129666e-02	6.4673049243504730e-03	0.0000000000000000e+00	2.1565405717255785e-03	4.3107643526248945e-03	4.8239760039636548e-07	2.1560581741251819e-03	1.7422295687734138e-02	-3.0602950665643180e-02	0.0000000000000000e+00	0.0000000000000000e+00	0.0000000000000000e+00	0.0000000000000000e+00	-1.2455672687780256e-07	0.0000000000000000e+00	0.0000000000000000e+00	0.0000000000000000e+00	0.0000000000000000e+00	0.0000000000000000e+00
0	31	1.9477874461000013e+00	7.8075868993311322e-03	1.2341270797376397e-02	6.4693743808617206e-03	0.0000000000000000e+00	2.1575467804586471e-03	4.3118276004030735e-03	5.1059794644736330e-07	2.1570361825121983e-03	1.7972708735597597e-02	-2.2982548687176276e-02	0.0000000000000000e+00	0.0000000000000000e+00	0.0000000000000000e+00	0.0000000000000000e+00	-1.5049448050753446e-07	0.0000000000000000e+00	0.0000000000000000e+00	0.0000000000000000e+00	0.0000000000000000e+00	0.0000000000000000e+00
0	32	2.0106192992000014e+00	7.8074111594871945e-03	1.2341169030269741e-02	6.4713757264926062e-03	0.0000000000000000e+00	2.1585376026902392e-03	4.3128381238023671e-03	5.3941885851797217e-07	2.1579981838317228e-03	1.8523711959314421e-02	-2.8437729993955062e-02	0.0000000000000000e+00	0.0000000000000000e+00	0.0000000000000000e+00	0.0000000000000000e+00	-1.7573984392875188e-07	0.0000000000000000e+00	0.0000000000000000e+00	0.0000000000000000e+00	0.0000000000000000e+00	0.0000000000000000e+00
0	33	2.0734511523000014e+00	7.8072131162247663e-03	1.2341054411305612e-02	6.4733195531512496e-03	0.0000000000000000e+00	2.1595169617551688e-03	4.3138025913960808e-03	5.6883794304263716e-07	2.1589481238121280e-03	1.9074878541137982e-02	-2.4246066721112691e-02	0.0000000000000000e+00	0.0000000000000000e+00	0.0000000000000000e+00	0.0000000000000000e+00	-1.9804326244439993e-07	0.0000000000000000e+00	0.0000000000000000e+00	0.0000000000000000e+00	0.0000000000000000e+00	0.0000000000000000e+00
0	34	2.1362830054000015e+00	7.8069973601767482e-03	1.2340929798715785e-02	6.4752210591717315e-03	0.0000000000000000e+00	2.1604900104881040e-03	4.3147310486836270e-03	5.9882736780562188e-07	2.1598911831202986e-03	1.9625917124987711e-02	-1.1438465708834673e-02	0.0000000000000000e+00	0.0000000000000000e+00	0.0000000000000000e+00	0.0000000000000000e+00	-2.1575604800528107e-07	0.0000000000000000e+00	0.0000000000000000e+00	0.0000000000000000e+00	0.0000000000000000e+00	0.0000000000000000e+00
0	35	2.1991148585000015e+00	7.8067696921357357e-03	1.2340798767267352e-02	6.4770985889299384e-03	0.0000000000000000e+00	2.1614626802263382e-03	4.3156359087036002e-03	6.2935386586371717e-07	2.1608333263604751e-03	2.0176581410388840e-02	-1.9172069375285591e-02	0.0000000000000000e+00	0.0000000000000000e+00	0.0000000000000000e+00	0.0000000000000000e+00	-2.2766804101867000e-07	0.0000000000000000e+00	0.0000000000000000e+00	0.0000000000000000e+00	0.0000000000000000e+00	0.0000000000000000e+00
0	36	2.2619467116000016e+00	7.8065359860363549e-03	1.2340664888892695e-02	6.4789698795778873e-03	0.0000000000000000e+00	2.1624405163902603e-03	4.3165293631876270e-03	6.6037919657599139e-07	2.1617801371936842e-03	2.0726671587672000e-02	-1.1345231045568784e-02	0.0000000000000000e+00	0.0000000000000000e+00	0.0000000000000000e+00	0.0000000000000000e+00	-2.3370609937942974e-07	0.0000000000000000e+00	0.0000000000000000e+00	0.0000000000000000e+00	0.0000000000000000e+00	0.0000000000000000e+00
0	37	2.3247785647000017e+00	7.8063004999187726e-03	1.2340530666133817e-02	6.4808460200124719e-03	0.0000000000000000e+00	2.1634267027976000e-03	4.3174193172148718e-03	6.9186108760783558e-07	2.1627348417099894e-03	2.1275852146840375e-02	-1.5188617551037106e-02	0.0000000000000000e+00	0.0000000000000000e+00	0.0000000000000000e+00	0.0000000000000000e+00	-2.3548611757765301e-07	0.0000000000000000e+00	0.0000000000000000e+00	0.0000000000000000e+00	0.0000000000000000e+00	0.0000000000000000e+00
0	38	2.3876104178000017e+00	7.8060637164182349e-03	1.2340396181853827e-02	6.4827239483970373e-03	0.0000000000000000e+00	2.1644196783907887e-03	4.3183042700062485e-03	7.2374573756388090e-07	2.1636959326532239e-03	2.1823795465752249e-02	-9.7818331042933623e-03	0.0000000000000000e+00	0.0000000000000000e+00	0.0000000000000000e+00	0.0000000000000000e+00	-2.3678350054662011e-07	0.0000000000000000e+00	0.0000000000000000e+00	0.0000000000000000e+00	0.0000000000000000e+00	0.0000000000000000e+00
0	39	2.4504422709000018e+00	7.8058253417611590e-03	1.2340261031586098e-02	6.4845972961047708e-03	0.0000000000000000e+00	2.1654167117595921e-03	4.3191805843451787e-03	7.5597441015845792e-07	2.1646607373494303e-03	2.2370204359571828e-02	3.1659344969836630e-03	0.0000000000000000e+00	0.0000000000000000e+00	0.0000000000000000e+00	0.0000000000000000e+00	-2.3837465706588690e-07	0.0000000000000000e+00	0.0000000000000000e+00	0.0000000000000000e+00	0.0000000000000000e+00	0.0000000000000000e+00
1	40	2.5132741240000018e+00	7.8055846277510334e-03	1.2340124506904962e-02	6.4864575274068519e-03	0.0000000000000000e+00	2.1664142758180409e-03	4.3200432515888114e-03	7.8848311362543123e-07	2.1656257927044143e-03	2.2914910570112471e-02	1.0607804330435902e-03	0.0000000000000000e+00	0.0000000000000000e+00	0.0000000000000000e+00	0.0000000000000000e+00	-2.4071401012687260e-07	0.0000000000000000e+00	0.0000000000000000e+00	0.0000000000000000e+00	0.0000000000000000e+00	0.0000000000000000e+00
1	41	2.5761059771000019e+00	7.8053417160421825e-03	1.2339986446502344e-02	6.4882997492935416e-03	0.0000000000000000e+00	2.1674100881969062e-03	4.3208896610966354e-03	8.2120109695349729e-07	2.1665888870999539e-03	2.3457573104205435e-02	9.0418275323346162e-03	0.0000000000000000e+00	0.0000000000000000e+00	0.0000000000000000e+00	0.0000000000000000e+00	-2.4291170885523233e-07	0.0000000000000000e+00	0.0000000000000000e+00	0.0000000000000000e+00	0.0000000000000000e+00	0.0000000000000000e+00
1	42	2.6389378302000019e+00	7.8050970365122693e-03	1.2339846901016655e-02	6.4901196334594151e-03	0.0000000000000000e+00	2.1684019480966293e-03	4.3217176853627857e-03	8.5405567785856493e-07	2.1675478924187679e-03	2.3997858760139407e-02	6.3060245596098571e-03	0.0000000000000000e+00	0.0000000000000000e+00	0.0000000000000000e+00	0.0000000000000000e+00	-2.4467952990795302e-07	0.0000000000000000e+00	0.0000000000000000e+00	0.0000000000000000e+00	0.0000000000000000e+00	0.0000000000000000e+00
1	43	2.7017696833000020e+00	7.8048502859821177e-03	1.2339705526172275e-02	6.4919106953900347e-03	0.0000000000000000e+00	2.1693871163799925e-03	4.3225235790100422e-03	8.8697388019089756e-07	2.1685001424998004e-03	2.4535670563454477e-02	1.7613470763417991e-02	0.0000000000000000e+00	0.0000000000000000e+00	0.0000000000000000e+00	0.0000000000000000e+00	-2.4675053015115623e-07	0.0000000000000000e+00	0.0000000000000000e+00	0.0000000000000000e+00	0.0000000000000000e+00	0.0000000000000000e+00
1	44	2.7646015364000021e+00	7.8046012819246221e-03	1.2339562185921405e-02	6.4936675631455144e-03	0.0000000000000000e+00	2.1703634045458671e-03	4.3233041585996473e-03	9.1989239566176494e-07	2.1694435121502025e-03	2.5070849468776111e-02	2.3984049494550460e-02	0.0000000000000000e+00	0.0000000000000000e+00	0.0000000000000000e+00	0.0000000000000000e+00	-2.4900405750464023e-07	0.0000000000000000e+00	0.0000000000000000e+00	0.0000000000000000e+00	0.0000000000000000e+00	0.0000000000000000e+00
1	45	2.8274333895000021e+00	7.8043495250466567e-03	1.2339416687200996e-02	6.4953848506274642e-03	0.0000000000000000e+00	2.1713288789151162e-03	4.3240559717123480e-03	9.5276246268020811e-07	2.1703761164524361e-03	2.5603193398304004e-02	2.5797904185182269e-02	0.0000000000000000e+00	0.0000000000000000e+00	0.0000000000000000e+00	0.0000000000000000e+00	-2.5175687794964371e-07	0.0000000000000000e+00	0.0000000000000000e+00	0.0000000000000000e+00	0.0000000000000000e+00	0.0000000000000000e+00
1	46	2.8902652426000022e+00	7.8040941938751357e-03	1.2339268761930679e-02	6.4970563499138238e-03	0.0000000000000000e+00	2.1722814473525793e-03	4.3247749025612445e-03	9.8555108865132594e-07	2.1712958962639296e-03	2.6132543279183521e-02	3.6360464734375972e-02	0.0000000000000000e+00	0.0000000000000000e+00	0.0000000000000000e+00	0.0000000000000000e+00	-2.5533117152345308e-07	0.0000000000000000e+00	0.0000000000000000e+00	0.0000000000000000e+00	0.0000000000000000e+00	0.0000000000000000e+00
1	47	2.9530970957000022e+00	7.8038338378834671e-03	1.2339117846790057e-02	6.4987735095488487e-03	0.0000000000000000e+00	2.1732201137528097e-03	4.3255533957960394e-03	1.0183187005985297e-06	2.1722017950522128e-03	2.6658759428342668e-02	3.4578445221763648e-02	0.0000000000000000e+00	0.0000000000000000e+00	0.0000000000000000e+00	0.0000000000000000e+00	-2.6035599168082428e-07	0.0000000000000000e+00	0.0000000000000000e+00	0.0000000000000000e+00	0.0000000000000000e+00	0.0000000000000000e+00
1	48	3.0159289488000023e+00	7.8035677214832021e-03	1.2338963813861702e-02	6.5003183554061348e-03	0.0000000000000000e+00	2.1741444889236930e-03	4.3261738664824414e-03	1.0510252276355594e-06	2.1730934636960573e-03	2.7180243143463987e-02	3.8063519524057954e-02	0.0000000000000000e+00	0.0000000000000000e+00	0.0000000000000000e+00	0.0000000000000000e+00	-2.6611640026540832e-07	0.0000000000000000e+00	0.0000000000000000e+00	0.0000000000000000e+00	0.0000000000000000e+00	0.0000000000000000e+00
1	49	3.0787608019000023e+00	7.8032950782652277e-03	1.2338805830860881e-02	6.5018039827916246e-03	0.0000000000000000e+00	2.1750515059988512e-03	4.3267524767927733e-03	1.0837946064584731e-06	2.1739677113923922e-03	2.7696262106051354e-02	3.0130954557473166e-02	0.0000000000000000e+00	0.0000000000000000e+00	0.0000000000000000e+00	0.0000000000000000e+00	-2.7264321797188535e-07	0.0000000000000000e+00	0.0000000000000000e+00	0.0000000000000000e+00	0.0000000000000000e+00	0.0000000000000000e+00
1	50	3.1415926550000024e+00	7.8030152658566361e-03	1.2338642957454649e-02	6.5032232351301738e-03	0.0000000000000000e+00	2.1759381971935424e-03	4.3272850379366314e-03	1.1165873061901984e-06	2.1748216098873528e-03	2.8207310300188377e-02	4.8362083033296616e-02	0.0000000000000000e+00	0.0000000000000000e+00	0.0000000000000000e+00	0.0000000000000000e+00	-2.7981240858737877e-07	0.0000000000000000e+00	0.0000000000000000e+00	0.0000000000000000e+00	0.0000000000000000e+00	0.0000000000000000e+00
1	51	3.2044245081000025e+00	7.8027271404394775e-03	1.2338473929970209e-02	6.5045742590121641e-03	0.0000000000000000e+00	2.1768018408461738e-03	4.3277724181659902e-03	1.1492037967240454e-06	2.1756526370494524e-03	2.8715375970564262e-02	4.8728760625449404e-02	0.0000000000000000e+00	0.0000000000000000e+00	0.0000000000000000e+00	0.0000000000000000e+00	-2.8812541716277768e-07	0.0000000000000000e+00	0.0000000000000000e+00	0.0000000000000000e+00	0.0000000000000000e+00	0.0000000000000000e+00
1	52	3.2672563612000025e+00	7.8024234320459547e-03	1.2338293633490731e-02	6.5058412949010290e-03	0.0000000000000000e+00	2.1776342362711011e-03	4.3282070586299279e-03	1.1817091897334698e-06	2.1764525270813687e-03	2.9221035366883117e-02	4.0862851168970010e-02	0.0000000000000000e+00	0.0000000000000000e+00	0.0000000000000000e+00	0.0000000000000000e+00	-3.0370839352375245e-07	0.0000000000000000e+00	0.0000000000000000e+00	0.0000000000000000e+00	0.0000000000000000e+00	0.0000000000000000e+00
1	53	3.3300882143000026e+00	7.8020986639154299e-03	1.2338098159140946e-02	6.5070061652207339e-03	0.0000000000000000e+00	2.1784290740345727e-03	4.3285770911861612e-03	1.2140897268512505e-06	2.1772149843077206e-03	2.9724469663073839e-02	5.4883159003474194e-02	0.0000000000000000e+00	0.0000000000000000e+00	0.0000000000000000e+00	0.0000000000000000e+00	-3.2476813051302669e-07	0.0000000000000000e+00	0.0000000000000000e+00	0.0000000000000000e+00	0.0000000000000000e+00	0.0000000000000000e+00
1	54	3.3929200674000026e+00	7.8017508908290855e-03	1.2337886164661598e-02	6.5080643283114085e-03	0.0000000000000000e+00	2.1791842540772074e-03	4.3288800742342006e-03	1.2462118532790223e-06	2.1779380422239291e-03	3.0224074013306297e-02	5.3623544790426650e-02	0.0000000000000000e+00	0.0000000000000000e+00	0.0000000000000000e+00	0.0000000000000000e+00	-3.4777308636210073e-07	0.0000000000000000e+00	0.0000000000000000e+00	0.0000000000000000e+00	0.0000000000000000e+00	0.0000000000000000e+00
1	55	3.4557519205000027e+00	7.8013791183260787e-03	1.2337657571853839e-02	6.5090146779169401e-03	0.0000000000000000e+00	2.1798990804090240e-03	4.3291155975079161e-03	1.2780021659150696e-06	2.1786210782431085e-03	3.0718679222651517e-02	6.0648415947880660e-02	0.0000000000000000e+00	0.0000000000000000e+00	0.0000000000000000e+00	0.0000000000000000e+00	-3.7177250299836033e-07	0.0000000000000000e+00	0.0000000000000000e+00	0.0000000000000000e+00	0.0000000000000000e+00	0.0000000000000000e+00
1	56	3.5185837736000023e+00	7.8009830560584834e-03	1.2337412785434156e-02	6.5098583713528897e-03	0.0000000000000000e+00	2.1805741476462054e-03	4.3292842237066843e-03	1.3093812392646024e-06	2.1792647664069390e-03	3.1208607866594820e-02	6.9385492100253035e-02	0.0000000000000000e+00	0.0000000000000000e+00	0.0000000000000000e+00	0.0000000000000000e+00	-3.9606226759654421e-07	0.0000000000000000e+00	0.0000000000000000e+00	0.0000000000000000e+00	0.0000000000000000e+00	0.0000000000000000e+00
1	57	3.5814156267000024e+00	7.8005636340652386e-03	1.2337153023683971e-02	6.5106006283446333e-03	0.0000000000000000e+00	2.1812118818044374e-03	4.3293887465401960e-03	1.3403781874063207e-06	2.1798715036170299e-03	3.1694035120210240e-02	7.1200983014064828e-02	0.0000000000000000e+00	0.0000000000000000e+00	0.0000000000000000e+00	0.0000000000000000e+00	-4.1942199325136736e-07	0.0000000000000000e+00	0.0000000000000000e+00	0.0000000000000000e+00	0.0000000000000000e+00	0.0000000000000000e+00
1	58	3.6442474798000024e+00	7.8001226191633348e-03	1.2336879801894851e-02	6.5112486563940379e-03	0.0000000000000000e+00	2.1818153039735349e-03	4.3294333524205031e-03	1.3710316608667317e-06	2.1804442723126691e-03	3.2175004497042074e-02	6.5061440637870019e-02	0.0000000000000000e+00	0.0000000000000000e+00	0.0000000000000000e+00	0.0000000000000000e+00	-4.4101490190139843e-07	0.0000000000000000e+00	0.0000000000000000e+00	0.0000000000000000e+00	0.0000000000000000e+00	0.0000000000000000e+00
1	59	3.7070793329000025e+00	7.7996621859456961e-03	1.2336594762383144e-02	6.5118108866768169e-03	0.0000000000000000e+00	2.1823880061872455e-03	4.3294228804895713e-03	1.4013741396213492e-06	2.1809866320476289e-03	3.2651800945776084e-02	7.6947892673338056e-02	0.0000000000000000e+00	0.0000000000000000e+00	0.0000000000000000e+00	0.0000000000000000e+00	-4.6043321762746641e-07	0.0000000000000000e+00	0.0000000000000000e+00	0.0000000000000000e+00	0.0000000000000000e+00	0.0000000000000000e+00
1	60	3.7699111860000025e+00	7.7991853320315066e-03	1.2336299952855435e-02	6.5122990269390934e-03	0.0000000000000000e+00	2.1829360208972049e-03	4.3293630060418885e-03	1.4318531205953833e-06	2.1815041677766102e-03	3.3127379954396789e-02	8.0384951328131379e-02	0.0000000000000000e+00	0.0000000000000000e+00	0.0000000000000000e+00	0.0000000000000000e+00	-4.7685391419021284e-07	0.0000000000000000e+00	0.0000000000000000e+00	0.0000000000000000e+00	0.0000000000000000e+00	0.0000000000000000e+00
1	61	3.8327430391000026e+00	7.7986953725076805e-03	1.2335997473929314e-02	6.5127263078430687e-03	0.0000000000000000e+00	2.1834641820329490e-03	4.3292621258101197e-03	1.4624179470933686e-06	2.1820017640858513e-03	3.3602091696724672e-02	8.1294652011865295e-02	0.0000000000000000e+00	0.0000000000000000e+00	0.0000000000000000e+00	0.0000000000000000e+00	-4.8995952382658260e-07	0.0000000000000000e+00	0.0000000000000000e+00	0.0000000000000000e+00	0.0000000000000000e+00	0.0000000000000000e+00
1	62	3.8955748922000026e+00	7.7981955767222819e-03	1.2335689309223874e-02	6.5131058171614999e-03	0.0000000000000000e+00	2.1839768777240417e-03	4.3291289394374582e-03	1.4929432947280482e-06	2.1824839344293163e-03	3.4075612895607857e-02	9.1605806197046918e-02	0.0000000000000000e+00	0.0000000000000000e+00	0.0000000000000000e+00	0.0000000000000000e+00	-4.9979578539847884e-07	0.0000000000000000e+00	0.0000000000000000e+00	0.0000000000000000e+00	0.0000000000000000e+00	0.0000000000000000e+00
1	63	3.9584067453000027e+00	7.7976888297850797e-03	1.2335377293982767e-02	6.5134498160305497e-03	0.0000000000000000e+00	2.1844783701038344e-03	4.3289714459267149e-03	1.5234104176240724e-06	2.1829549596862089e-03	3.4547889433258053e-02	6.8759502410410372e-02	0.0000000000000000e+00	0.0000000000000000e+00	0.0000000000000000e+00	0.0000000000000000e+00	-5.0674693720289739e-07	0.0000000000000000e+00	0.0000000000000000e+00	0.0000000000000000e+00	0.0000000000000000e+00	0.0000000000000000e+00
1	64	4.0212385984000028e+00	7.7971782644644314e-03	1.2335063537569406e-02	6.5137717178873570e-03	0.0000000000000000e+00	2.1849719539972418e-03	4.3287997638901147e-03	1.5536061259241201e-06	2.1834183478713211e-03	3.5017273852374083e-02	6.6892504638926570e-02	0.0000000000000000e+00	0.0000000000000000e+00	0.0000000000000000e+00	0.0000000000000000e+00	-5.1056532065324919e-07	0.0000000000000000e+00	0.0000000000000000e+00	0.0000000000000000e+00	0.0000000000000000e+00	0.0000000000000000e+00
1	65	4.0840704515000024e+00	7.7966665925146813e-03	1.2334749528945761e-02	6.5140926331646708e-03	0.0000000000000000e+00	2.1854618136713071e-03	4.3286308194933638e-03	1.5836168673087330e-06	2.1838781968039961e-03	3.5483489934610049e-02	7.5826763845299655e-02	0.0000000000000000e+00	0.0000000000000000e+00	0.0000000000000000e+00	0.0000000000000000e+00	-5.1167194974682122e-07	0.0000000000000000e+00	0.0000000000000000e+00	0.0000000000000000e+00	0.0000000000000000e+00	0.0000000000000000e+00
1	66	4.1469023046000020e+00	7.7961564302038303e-03	1.2334436824852297e-02	6.5144090245203524e-03	0.0000000000000000e+00	2.1859522727744659e-03	4.3284567517458865e-03	1.6135908063487792e-06	2.1843386819681192e-03	3.5947099586463242e-02	7.8794182234537338e-02	0.0000000000000000e+00	0.0000000000000000e+00	0.0000000000000000e+00	0.0000000000000000e+00	-5.1016231085087030e-07	0.0000000000000000e+00	0.0000000000000000e+00	0.0000000000000000e+00	0.0000000000000000e+00	0.0000000000000000e+00
1	67	4.2097341577000025e+00	7.7956500163308077e-03	1.2334126836674484e-02	6.5147344580802867e-03	0.0000000000000000e+00	2.1864465076541586e-03	4.3282879504261285e-03	1.6435790618088533e-06	2.1848029285923523e-03	3.6408323624739766e-02	8.2470152049310658e-02	0.0000000000000000e+00	0.0000000000000000e+00	0.0000000000000000e+00	0.0000000000000000e+00	-5.0641387302766850e-07	0.0000000000000000e+00	0.0000000000000000e+00	0.0000000000000000e+00	0.0000000000000000e+00	0.0000000000000000e+00
1	68	4.2725660108000030e+00	7.7951488724932426e-03	1.2333820477108426e-02	6.5150747794337363e-03	0.0000000000000000e+00	2.1869465279178288e-03	4.3281282515159076e-03	1.6735743937400810e-06	2.1852729535240872e-03	3.6867323498895141e-02	8.9593763345791694e-02	0.0000000000000000e+00	0.0000000000000000e+00	0.0000000000000000e+00	0.0000000000000000e+00	-5.0114383756099622e-07	0.0000000000000000e+00	0.0000000000000000e+00	0.0000000000000000e+00	0.0000000000000000e+00	0.0000000000000000e+00
1	69	4.3353978639000035e+00	7.7946513143642608e-03	1.2333516664725725e-02	6.5154243967859380e-03	0.0000000000000000e+00	2.1874504021154296e-03	4.3279739946705080e-03	1.7035221434161683e-06	2.1857468799720108e-03	3.7323992198642332e-02	9.1258080362606811e-02	0.0000000000000000e+00	0.0000000000000000e+00	0.0000000000000000e+00	0.0000000000000000e+00	-4.9755812899041493e-07	0.0000000000000000e+00	0.0000000000000000e+00	0.0000000000000000e+00	0.0000000000000000e+00	0.0000000000000000e+00
1	70	4.3982297170000040e+00	7.7941523371487277e-03	1.2333212330836734e-02	6.5157670094836270e-03	0.0000000000000000e+00	2.1879527528260419e-03	4.3278142566575851e-03	1.7333174392044560e-06	2.1862194353868361e-03	3.7778183764268294e-02	8.8412048390887371e-02	0.0000000000000000e+00	0.0000000000000000e+00	0.0000000000000000e+00	0.0000000000000000e+00	-4.9897721552661430e-07	0.0000000000000000e+00	0.0000000000000000e+00	0.0000000000000000e+00	0.0000000000000000e+00	0.0000000000000000e+00
1	71	4.4610615701000045e+00	7.7936510155401078e-03	1.2332907033015013e-02	6.5160984333238721e-03	0.0000000000000000e+00	2.1884520259114262e-03	4.3276464074124459e-03	1.7632883233503398e-06	2.1866887375880753e-03	3.8229896903702792e-02	1.0588008696340634e-01	0.0000000000000000e+00	0.0000000000000000e+00	0.0000000000000000e+00	0.0000000000000000e+00	-5.0132160862407905e-07	0.0000000000000000e+00	0.0000000000000000e+00	0.0000000000000000e+00	0.0000000000000000e+00	0.0000000000000000e+00
1	72	4.5238934232000050e+00	7.7931472790439644e-03	1.2332600795363316e-02	6.5164259970341386e-03	0.0000000000000000e+00	2.1889524785747069e-03	4.3274735184594317e-03	1.7943276835012259e-06	2.1871581508912069e-03	3.8679662000048146e-02	1.0488772678528631e-01	0.0000000000000000e+00	0.0000000000000000e+00	0.0000000000000000e+00	0.0000000000000000e+00	-5.0373649613770985e-07	0.0000000000000000e+00	0.0000000000000000e+00	0.0000000000000000e+00	0.0000000000000000e+00	0.0000000000000000e+00
1	73	4.5867252763000055e+00	7.7926413414718104e-03	1.2332293844440449e-02	6.5167499403982433e-03	0.0000000000000000e+00	2.1894537385586327e-03	4.3272962018396106e-03	1.8263023982074062e-06	2.1876274361604248e-03	3.9127211731518216e-02	1.0107004309270420e-01	0.0000000000000000e+00	0.0000000000000000e+00	0.0000000000000000e+00	0.0000000000000000e+00	-5.0593757214382855e-07	0.0000000000000000e+00	0.0000000000000000e+00	0.0000000000000000e+00	0.0000000000000000e+00	0.0000000000000000e+00
1	74	4.6495571294000060e+00	7.7921334739194607e-03	1.2331986453492335e-02	6.5170714611427569e-03	0.0000000000000000e+00	2.1899558670217607e-03	4.3271155941209966e-03	1.8590581685980351e-06	2.1880968088531612e-03	3.9571923562047986e-02	1.0640157395996427e-01	0.0000000000000000e+00	0.0000000000000000e+00	0.0000000000000000e+00	0.0000000000000000e+00	-5.0786755236130166e-07	0.0000000000000000e+00	0.0000000000000000e+00	0.0000000000000000e+00	0.0000000000000000e+00	0.0000000000000000e+00
1	75	4.7123889825000056e+00	7.7916246004955912e-03	1.2331679276678569e-02	6.5173947271860398e-03	0.0000000000000000e+00	2.1904600578726745e-03	4.3269346693133653e-03	1.8925348193896939e-06	2.1885675230532853e-03	4.0013356074028429e-02	1.0928146349019090e-01	0.0000000000000000e+00	0.0000000000000000e+00	0.0000000000000000e+00	0.0000000000000000e+00	-5.0887342386505130e-07	0.0000000000000000e+00	0.0000000000000000e+00	0.0000000000000000e+00	0.0000000000000000e+00	0.0000000000000000e+00
1	76	4.7752208356000052e+00	7.7911150057641404e-03	1.2331372521626135e-02	6.5177215564313972e-03	0.0000000000000000e+00	2.1909667415042668e-03	4.3267548149271305e-03	1.9266986969531374e-06	2.1890400428073130e-03	4.0451219588863427e-02	9.6024080917689367e-02	0.0000000000000000e+00	0.0000000000000000e+00	0.0000000000000000e+00	0.0000000000000000e+00	-5.0959473145334083e-07	0.0000000000000000e+00	0.0000000000000000e+00	0.0000000000000000e+00	0.0000000000000000e+00	0.0000000000000000e+00
1	77	4.8380526887000057e+00	7.7906052295799132e-03	1.2331066520459356e-02	6.5180540837457800e-03	0.0000000000000000e+00	2.1914763373820298e-03	4.3265777463637502e-03	1.9614990083982770e-06	2.1895148383736310e-03	4.0885133842688007e-02	1.0306859853653387e-01	0.0000000000000000e+00	0.0000000000000000e+00	0.0000000000000000e+00	0.0000000000000000e+00	-5.0977618423428304e-07	0.0000000000000000e+00	0.0000000000000000e+00	0.0000000000000000e+00	0.0000000000000000e+00	0.0000000000000000e+00
1	78	4.9008845418000053e+00	7.7900958732456688e-03	1.2330761606441977e-02	6.5183946154470165e-03	0.0000000000000000e+00	2.1919893039912988e-03	4.3264053114557173e-03	1.9968644898141123e-06	2.1899924395014834e-03	4.1315177583336388e-02	1.0411007942489968e-01	0.0000000000000000e+00	0.0000000000000000e+00	0.0000000000000000e+00	0.0000000000000000e+00	-5.0935633422738403e-07	0.0000000000000000e+00	0.0000000000000000e+00	0.0000000000000000e+00	0.0000000000000000e+00	0.0000000000000000e+00
1	79	4.9637163949000049e+00	7.7895868390169499e-03	1.2330457625670619e-02	6.5187421599790726e-03	0.0000000000000000e+00	2.1925048438770265e-03	4.3262373161020466e-03	2.0326891857715988e-06	2.1904721546912526e-03	4.1740978819550502e-02	9.3207351810219746e-02	0.0000000000000000e+00	0.0000000000000000e+00	0.0000000000000000e+00	0.0000000000000000e+00	-5.0903422873565064e-07	0.0000000000000000e+00	0.0000000000000000e+00	0.0000000000000000e+00	0.0000000000000000e+00	0.0000000000000000e+00
2	80	5.0265482480000054e+00	7.7890782043045269e-03	1.2330154498543612e-02	6.5190969083529365e-03	0.0000000000000000e+00	2.1930225749848798e-03	4.3260743333680563e-03	2.0688012286138475e-06	2.1909537737562681e-03	4.2162417163011008e-02	8.4085509236930478e-02	0.0000000000000000e+00	0.0000000000000000e+00	0.0000000000000000e+00	0.0000000000000000e+00	-5.0863471241591913e-07	0.0000000000000000e+00	0.0000000000000000e+00	0.0000000000000000e+00	0.0000000000000000e+00	0.0000000000000000e+00
2	81	5.0893801011000059e+00	7.7885702955398008e-03	1.2329852286792701e-02	6.5194569711859631e-03	0.0000000000000000e+00	2.1935420992479113e-03	4.3259148719380523e-03	2.1050086983973035e-06	2.1914370905495172e-03	4.2579661638897238e-02	7.7656440324195886e-02	0.0000000000000000e+00	0.0000000000000000e+00	0.0000000000000000e+00	0.0000000000000000e+00	-5.0790876472925901e-07	0.0000000000000000e+00	0.0000000000000000e+00	0.0000000000000000e+00	0.0000000000000000e+00	0.0000000000000000e+00
2	82	5.1522119542000056e+00	7.7880634232181025e-03	1.2329550945307426e-02	6.5198255348909552e-03	0.0000000000000000e+00	2.1940626266242153e-03	4.3257629082667400e-03	2.1410718166664480e-06	2.1919215548075522e-03	4.2992335133720992e-02	6.5959561042359185e-02	0.0000000000000000e+00	0.0000000000000000e+00	0.0000000000000000e+00	0.0000000000000000e+00	-5.0687232169210558e-07	0.0000000000000000e+00	0.0000000000000000e+00	0.0000000000000000e+00	0.0000000000000000e+00	0.0000000000000000e+00
2	83	5.2150438073000061e+00	7.7875573354840334e-03	1.2329249961859110e-02	6.5201976219768339e-03	0.0000000000000000e+00	2.1945823447128534e-03	4.3256152772639805e-03	2.1767543367693825e-06	2.1924055903760811e-03	4.3401013398082749e-02	5.3195550767888289e-02	0.0000000000000000e+00	0.0000000000000000e+00	0.0000000000000000e+00	0.0000000000000000e+00	-5.0608773406798465e-07	0.0000000000000000e+00	0.0000000000000000e+00	0.0000000000000000e+00	0.0000000000000000e+00	0.0000000000000000e+00
2	84	5.2778756604000066e+00	7.7870520492148839e-03	1.2328948843209279e-02	6.5205695058209879e-03	0.0000000000000000e+00	2.1950989393628817e-03	4.3254705664581066e-03	2.2118238720350857e-06	2.1928871154908479e-03	4.3805742423586584e-02	4.9772136042180094e-02	0.0000000000000000e+00	0.0000000000000000e+00	0.0000000000000000e+00	0.0000000000000000e+00	-5.0528626915632217e-07	0.0000000000000000e+00	0.0000000000000000e+00	0.0000000000000000e+00	0.0000000000000000e+00	0.0000000000000000e+00
2	85	5.3407075135000062e+00	7.7865473170703548e-03	1.2328646813956613e-02	6.5209439355155855e-03	0.0000000000000000e+00	2.1956093934572636e-03	4.3253345420583220e-03	2.2460844452075233e-06	2.1933633090120567e-03	4.4205303874920859e-02	4.5788405074434407e-02	0.0000000000000000e+00	0.0000000000000000e+00	0.0000000000000000e+00	0.0000000000000000e+00	-5.0473214451717231e-07	0.0000000000000000e+00	0.0000000000000000e+00	0.0000000000000000e+00	0.0000000000000000e+00	0.0000000000000000e+00
2	86	5.4035393666000067e+00	7.7860425001638651e-03	1.2328342772933746e-02	6.5212991449901956e-03	0.0000000000000000e+00	2.1961098132626837e-03	4.3251893317275119e-03	2.2794534204495042e-06	2.1938303598422332e-03	4.4599856086254462e-02	4.6141564826102460e-02	0.0000000000000000e+00	0.0000000000000000e+00	0.0000000000000000e+00	0.0000000000000000e+00	-5.0481690650316864e-07	0.0000000000000000e+00	0.0000000000000000e+00	0.0000000000000000e+00	0.0000000000000000e+00	0.0000000000000000e+00
2	87	5.4663712197000072e+00	7.7855357776270718e-03	1.2328034903300237e-02	6.5216286692901986e-03	0.0000000000000000e+00	2.1965950150119014e-03	4.3250336542782972e-03	2.3120229572051707e-06	2.1942829920546950e-03	4.4989319917613783e-02	5.3919814950381902e-02	0.0000000000000000e+00	0.0000000000000000e+00	0.0000000000000000e+00	0.0000000000000000e+00	-5.0672253679157099e-07	0.0000000000000000e+00	0.0000000000000000e+00	0.0000000000000000e+00	0.0000000000000000e+00	0.0000000000000000e+00
2	88	5.5292030728000077e+00	7.7850265349013233e-03	1.2327722358846296e-02	6.5219246028294193e-03	0.0000000000000000e+00	2.1970617438223372e-03	4.3248628590070821e-03	2.3439330475981766e-06	2.1947178107747409e-03	4.5373555463013984e-02	4.1924159050177108e-02	0.0000000000000000e+00	0.0000000000000000e+00	0.0000000000000000e+00	0.0000000000000000e+00	-5.0924272575136090e-07	0.0000000000000000e+00	0.0000000000000000e+00	0.0000000000000000e+00	0.0000000000000000e+00	0.0000000000000000e+00
2	89	5.5920349259000073e+00	7.7845145439444652e-03	1.2327404837144815e-02	6.5221817829545902e-03	0.0000000000000000e+00	2.1975083904620038e-03	4.3246733924925864e-03	2.3753945491514505e-06	2.1951329959128524e-03	4.5753132671870929e-02	4.3985903381529738e-02	0.0000000000000000e+00	0.0000000000000000e+00	0.0000000000000000e+00	0.0000000000000000e+00	-5.1199095684509530e-07	0.0000000000000000e+00	0.0000000000000000e+00	0.0000000000000000e+00	0.0000000000000000e+00	0.0000000000000000e+00
2	90	5.6548667790000069e+00	7.7840002749969836e-03	1.2327082753380776e-02	6.5223995787744588e-03	0.0000000000000000e+00	2.1979358142219449e-03	4.3244637645525139e-03	2.4067534595989144e-06	2.1955290607623473e-03	4.6128308393045790e-02	4.4852965504986242e-02	0.0000000000000000e+00	0.0000000000000000e+00	0.0000000000000000e+00	0.0000000000000000e+00	-5.1426894748737990e-07	0.0000000000000000e+00	0.0000000000000000e+00	0.0000000000000000e+00	0.0000000000000000e+00	0.0000000000000000e+00
2	91	5.7176986321000065e+00	7.7834843991606423e-03	1.2326756910250019e-02	6.5225860957042183e-03	0.0000000000000000e+00	2.1983501557455926e-03	4.3242359399586257e-03	2.4391536696054103e-06	2.1959110020759853e-03	4.6500740918982535e-02	4.4279732233147656e-02	0.0000000000000000e+00	0.0000000000000000e+00	0.0000000000000000e+00	0.0000000000000000e+00	-5.1587583634479749e-07	0.0000000000000000e+00	0.0000000000000000e+00	0.0000000000000000e+00	0.0000000000000000e+00	0.0000000000000000e+00
2	92	5.7805304852000061e+00	7.7829673898695212e-03	1.2326428307384911e-02	6.5227380549315993e-03	0.0000000000000000e+00	2.1987545859301870e-03	4.3239834690014124e-03	2.4729682897888337e-06	2.1962816176403972e-03	4.6875049378371149e-02	2.9836648985595352e-02	0.0000000000000000e+00	0.0000000000000000e+00	0.0000000000000000e+00	0.0000000000000000e+00	-5.1700929112373914e-07	0.0000000000000000e+00	0.0000000000000000e+00	0.0000000000000000e+00	0.0000000000000000e+00	0.0000000000000000e+00
2	93	5.8433623383000066e+00	7.7824499704349567e-03	1.2326098217669730e-02	6.5228652746285726e-03	0.0000000000000000e+00	2.1991571879026190e-03	4.3237080867259536e-03	2.5086917590386565e-06	2.1966484961435809e-03	4.7258369151109245e-02	3.8728773828821200e-02	0.0000000000000000e+00	0.0000000000000000e+00	0.0000000000000000e+00	0.0000000000000000e+00	-5.1741943456221462e-07	0.0000000000000000e+00	0.0000000000000000e+00	0.0000000000000000e+00	0.0000000000000000e+00	0.0000000000000000e+00
2	94	5.9061941914000062e+00	7.7819331779495991e-03	1.2325767460139711e-02	6.5229646518874303e-03	0.0000000000000000e+00	2.1995447893706707e-03	4.3234198625167596e-03	2.5422193821113516e-06	2.1970025699885624e-03	4.7633853781112602e-02	3.3294321599462141e-02	0.0000000000000000e+00	0.0000000000000000e+00	0.0000000000000000e+00	0.0000000000000000e+00	-5.1679248535564015e-07	0.0000000000000000e+00	0.0000000000000000e+00	0.0000000000000000e+00	0.0000000000000000e+00	0.0000000000000000e+00
2	95	5.9690260445000067e+00	7.7814181994271397e-03	1.2325437269616239e-02	6.5230388364220784e-03	0.0000000000000000e+00	2.1999150824673899e-03	4.3231237539546885e-03	2.5716687412732989e-06	2.1973434137261185e-03	4.7998292625175749e-02	2.0988275269666255e-02	0.0000000000000000e+00	0.0000000000000000e+00	0.0000000000000000e+00	0.0000000000000000e+00	-5.1497852246519267e-07	0.0000000000000000e+00	0.0000000000000000e+00	0.0000000000000000e+00	0.0000000000000000e+00	0.0000000000000000e+00
2	96	6.0318578976000063e+00	7.7809061705196711e-03	1.2325108551100833e-02	6.5230955174959320e-03	0.0000000000000000e+00	2.2002700598326057e-03	4.3228254576633263e-03	2.5952745959835643e-06	2.1976747852366207e-03	4.8352280193349056e-02	2.9788278581980791e-02	0.0000000000000000e+00	0.0000000000000000e+00	0.0000000000000000e+00	0.0000000000000000e+00	-5.1202890747140938e-07	0.0000000000000000e+00	0.0000000000000000e+00	0.0000000000000000e+00	0.0000000000000000e+00	0.0000000000000000e+00
2	97	6.0946897507000060e+00	7.7803979648436083e-03	1.2324781911902888e-02	6.5231424065380289e-03	0.0000000000000000e+00	2.2006118505343850e-03	4.3225305560036439e-03	2.6121647016000580e-06	2.1979996858327855e-03	4.8695953065753972e-02	1.4823650911605594e-02	0.0000000000000000e+00	0.0000000000000000e+00	0.0000000000000000e+00	0.0000000000000000e+00	-5.0820567605972885e-07	0.0000000000000000e+00	0.0000000000000000e+00	0.0000000000000000e+00	0.0000000000000000e+00	0.0000000000000000e+00
2	98	6.1575216038000056e+00	7.7798946889333018e-03	1.2324458203890757e-02	6.5231816239146373e-03	0.0000000000000000e+00	2.2009413192624460e-03	4.3222403046521913e-03	2.6239659179689419e-06	2.1983173533444778e-03	4.9029535578350041e-02	1.9841299953881127e-02	0.0000000000000000e+00	0.0000000000000000e+00	0.0000000000000000e+00	0.0000000000000000e+00	-5.0327591030324900e-07	0.0000000000000000e+00	0.0000000000000000e+00	0.0000000000000000e+00	0.0000000000000000e+00	0.0000000000000000e+00
2	99	6.2203534569000052e+00	7.7793973292338281e-03	1.2324138248154856e-02	6.5232087434387229e-03	0.0000000000000000e+00	2.2012562065762218e-03	4.3219525368625011e-03	2.6310304128161506e-06	2.1986251761634025e-03	4.9353287251435021e-02	3.0238070604478563e-02	0.0000000000000000e+00	0.0000000000000000e+00	0.0000000000000000e+00	0.0000000000000000e+00	-4.9735969947187339e-07	0.0000000000000000e+00	0.0000000000000000e+00	0.0000000000000000e+00	0.0000000000000000e+00	0.0000000000000000e+00
2	100	6.2831853100000057e+00	7.7789069530994383e-03	1.2323822797379926e-02	6.5232229015402890e-03	0.0000000000000000e+00	2.2015558886958032e-03	4.3216670128444854e-03	2.6337387289172293e-06	2.1989221499668886e-03	4.9668552115491177e-02	1.8458863627128307e-02	0.0000000000000000e+00	0.0000000000000000e+00	0.0000000000000000e+00	0.0000000000000000e+00	-4.9037613441121229e-07	0.0000000000000000e+00	0.0000000000000000e+00	0.0000000000000000e+00	0.0000000000000000e+00	0.0000000000000000e+00
2	101	6.3460171631000053e+00	7.7784245680101536e-03	1.2323512638512082e-02	6.5232221068816289e-03	0.0000000000000000e+00	2.2018393407147630e-03	4.3213827661668655e-03	2.6327766189085958e-06	2.1992065640958551e-03	4.9975616336939345e-02	1.7485881959720208e-02	0.0000000000000000e+00	0.0000000000000000e+00	0.0000000000000000e+00	0.0000000000000000e+00	-4.8238508926877260e-07	0.0000000000000000e+00	0.0000000000000000e+00	0.0000000000000000e+00	0.0000000000000000e+00	0.0000000000000000e+00
2	102	6.4088490162000049e+00	7.7779508328854347e-03	1.2323208394449055e-02	6.5232066085624046e-03	0.0000000000000000e+00	2.2021069200976245e-03	4.3210996884647801e-03	2.6287847134494518e-06	2.1994781353841730e-03	5.0274630154483357e-02	3.1047023004284347e-02	0.0000000000000000e+00	0.0000000000000000e+00	0.0000000000000000e+00	0.0000000000000000e+00	-4.7373512470224558e-07	0.0000000000000000e+00	0.0000000000000000e+00	0.0000000000000000e+00	0.0000000000000000e+00	0.0000000000000000e+00
2	103	6.4716808693000045e+00	7.7774859401440475e-03	1.2322910415082294e-02	6.5231707793130533e-03	0.0000000000000000e+00	2.2023563820412848e-03	4.3208143972717685e-03	2.6225195359652111e-06	2.1997338625053178e-03	5.0566651786684222e-02	2.1282170037555597e-02	0.0000000000000000e+00	0.0000000000000000e+00	0.0000000000000000e+00	0.0000000000000000e+00	-4.6489274141111117e-07	0.0000000000000000e+00	0.0000000000000000e+00	0.0000000000000000e+00	0.0000000000000000e+00	0.0000000000000000e+00
2	104	6.5345127224000041e+00	7.7770301711833426e-03	1.2322619189908908e-02	6.5231122496921404e-03	0.0000000000000000e+00	2.2025871787189830e-03	4.3205250709731574e-03	2.6148451464004865e-06	2.1999723335725842e-03	5.0852707347802277e-02	1.6990875199816770e-02	0.0000000000000000e+00	0.0000000000000000e+00	0.0000000000000000e+00	0.0000000000000000e+00	-4.5576896069521288e-07	0.0000000000000000e+00	0.0000000000000000e+00	0.0000000000000000e+00	0.0000000000000000e+00	0.0000000000000000e+00
2	105	6.5973445755000037e+00	7.7765836288704567e-03	1.2322335114978277e-02	6.5230306465582063e-03	0.0000000000000000e+00	2.2028001060756331e-03	4.3202305404825732e-03	2.6065924475247754e-06	2.2001935136281093e-03	5.1133081504993939e-02	2.9675100679455814e-02	0.0000000000000000e+00	0.0000000000000000e+00	0.0000000000000000e+00	0.0000000000000000e+00	-4.4654231287702564e-07	0.0000000000000000e+00	0.0000000000000000e+00	0.0000000000000000e+00	0.0000000000000000e+00	0.0000000000000000e+00
2	106	6.6601764286000034e+00	7.7761458840424243e-03	1.2322058180343732e-02	6.5229249735283910e-03	0.0000000000000000e+00	2.2029961657035703e-03	4.3199288078248207e-03	2.5984228317135917e-06	2.2003977428718532e-03	5.1408824708007311e-02	1.9973724078816278e-02	0.0000000000000000e+00	0.0000000000000000e+00	0.0000000000000000e+00	0.0000000000000000e+00	-4.3774482804036656e-07	0.0000000000000000e+00	0.0000000000000000e+00	0.0000000000000000e+00	0.0000000000000000e+00	0.0000000000000000e+00
2	107	6.7230082817000030e+00	7.7757163396421566e-03	1.2321788158330141e-02	6.5227932209171880e-03	0.0000000000000000e+00	2.2031764154418106e-03	4.3196168054753774e-03	2.5910347379635237e-06	2.2005853807038483e-03	5.1680932309230591e-02	9.9495861131358530e-03	0.0000000000000000e+00	0.0000000000000000e+00	0.0000000000000000e+00	0.0000000000000000e+00	-4.2954440026031095e-07	0.0000000000000000e+00	0.0000000000000000e+00	0.0000000000000000e+00	0.0000000000000000e+00	0.0000000000000000e+00
2	108	6.7858401348000035e+00	7.7752947610647679e-03	1.2321524962161250e-02	6.5226314307694974e-03	0.0000000000000000e+00	2.2033420276831878e-03	4.3192894030863096e-03	2.5854699129401254e-06	2.2007565577702474e-03	5.1951743004010856e-02	-1.8167299219020917e-02	0.0000000000000000e+00	0.0000000000000000e+00	0.0000000000000000e+00	0.0000000000000000e+00	-4.2157857739333496e-07	0.0000000000000000e+00	0.0000000000000000e+00	0.0000000000000000e+00	0.0000000000000000e+00	0.0000000000000000e+00
2	109	6.8486719879000040e+00	7.7748811287839644e-03	1.2321268375537840e-02	6.5224707685227574e-03	0.0000000000000000e+00	2.2035214041244812e-03	4.3189493643982762e-03	2.5857750527272091e-06	2.2009356290717498e-03	5.2239249315267203e-02	-2.3799897162650508e-02	0.0000000000000000e+00	0.0000000000000000e+00	0.0000000000000000e+00	0.0000000000000000e+00	-4.1363228081177424e-07	0.0000000000000000e+00	0.0000000000000000e+00	0.0000000000000000e+00	0.0000000000000000e+00	0.0000000000000000e+00
2	110	6.9115038410000045e+00	7.7744751950899723e-03	1.2321018314877251e-02	6.5223256248448814e-03	0.0000000000000000e+00	2.2037237249169098e-03	4.3186018999279716e-03	2.5922591296491169e-06	2.2011314657872623e-03	5.2546857661005288e-02	-3.0248229437484127e-02	0.0000000000000000e+00	0.0000000000000000e+00	0.0000000000000000e+00	0.0000000000000000e+00	-4.0593369397475724e-07	0.0000000000000000e+00	0.0000000000000000e+00	0.0000000000000000e+00	0.0000000000000000e+00	0.0000000000000000e+00
2	111	6.9743356941000041e+00	7.7740766535002734e-03	1.2320774454846521e-02	6.5221960255121983e-03	0.0000000000000000e+00	2.2039380451244700e-03	4.3182579803877283e-03	2.6023287865933683e-06	2.2013357163378749e-03	5.2860543307153944e-02	-1.3702017900202944e-02	0.0000000000000000e+00	0.0000000000000000e+00	0.0000000000000000e+00	0.0000000000000000e+00	-3.9854158971249734e-07	0.0000000000000000e+00	0.0000000000000000e+00	0.0000000000000000e+00	0.0000000000000000e+00	0.0000000000000000e+00
2	112	7.0371675472000037e+00	7.7736849422913737e-03	1.2320535489203097e-02	6.5220819988334169e-03	0.0000000000000000e+00	2.2041611534879633e-03	4.3179208453454536e-03	2.6141261498757732e-06	2.2015470273380874e-03	5.3180825597449570e-02	-1.4465581429508599e-02	0.0000000000000000e+00	0.0000000000000000e+00	0.0000000000000000e+00	0.0000000000000000e+00	-3.9171120889153102e-07	0.0000000000000000e+00	0.0000000000000000e+00	0.0000000000000000e+00	0.0000000000000000e+00	0.0000000000000000e+00
2	113	7.0999994003000033e+00	7.7732997543753677e-03	1.2320301196704131e-02	6.5219618839798378e-03	0.0000000000000000e+00	2.2043829740281675e-03	4.3175789099516703e-03	2.6273974638505509e-06	2.2017555765643155e-03	5.3510433821492488e-02	-2.3563080440569744e-02	0.0000000000000000e+00	0.0000000000000000e+00	0.0000000000000000e+00	0.0000000000000000e+00	-3.8518791601256741e-07	0.0000000000000000e+00	0.0000000000000000e+00	0.0000000000000000e+00	0.0000000000000000e+00	0.0000000000000000e+00
2	114	7.1628312534000029e+00	7.7729203236642716e-03	1.2320071237093170e-02	6.5218445957269050e-03	0.0000000000000000e+00	2.2046109097228596e-03	4.3172336860040454e-03	2.6463245339809344e-06	2.2019645851888746e-03	5.3852988601074847e-02	-1.2928383306873804e-02	0.0000000000000000e+00	0.0000000000000000e+00	0.0000000000000000e+00	0.0000000000000000e+00	-3.7943071110786953e-07	0.0000000000000000e+00	0.0000000000000000e+00	0.0000000000000000e+00	0.0000000000000000e+00	0.0000000000000000e+00
2	115	7.2256631065000034e+00	7.7725461298535714e-03	1.2319845598508799e-02	6.5217278591378014e-03	0.0000000000000000e+00	2.2048431963177630e-03	4.3168846628200384e-03	2.6707660731906400e-06	2.2021724302445731e-03	5.4208043628552256e-02	-1.0566914102305983e-02	0.0000000000000000e+00	0.0000000000000000e+00	0.0000000000000000e+00	0.0000000000000000e+00	-3.7419381068815757e-07	0.0000000000000000e+00	0.0000000000000000e+00	0.0000000000000000e+00	0.0000000000000000e+00	0.0000000000000000e+00
2	116	7.2884949596000030e+00	7.7721764827455384e-03	1.2319624219963471e-02	6.5216103999967048e-03	0.0000000000000000e+00	2.2050774608651535e-03	4.3165329391315508e-03	2.7002879588480083e-06	2.2023771729063083e-03	5.4572045388908835e-02	-9.4494630414855407e-03	0.0000000000000000e+00	0.0000000000000000e+00	0.0000000000000000e+00	0.0000000000000000e+00	-3.6964710803304267e-07	0.0000000000000000e+00	0.0000000000000000e+00	0.0000000000000000e+00	0.0000000000000000e+00	0.0000000000000000e+00
2	117	7.3513268127000027e+00	7.7718100731668134e-03	1.2319406556673136e-02	6.5214935418721389e-03	0.0000000000000000e+00	2.2053128672404050e-03	4.3161806746317343e-03	2.7346680307120109e-06	2.2025781992096949e-03	5.4941551404224860e-02	-1.2616209196841404e-02	0.0000000000000000e+00	0.0000000000000000e+00	0.0000000000000000e+00	0.0000000000000000e+00	-3.6640957872507467e-07	0.0000000000000000e+00	0.0000000000000000e+00	0.0000000000000000e+00	0.0000000000000000e+00	0.0000000000000000e+00
2	118	7.4141586658000032e+00	7.7714461497723842e-03	1.2319192334722158e-02	6.5213825448268295e-03	0.0000000000000000e+00	2.2055504779416825e-03	4.3158320668851471e-03	2.7738753359664716e-06	2.2027766026057162e-03	5.5313681043299222e-02	-1.2751857509785081e-02	0.0000000000000000e+00	0.0000000000000000e+00	0.0000000000000000e+00	0.0000000000000000e+00	-3.6392339443311354e-07	0.0000000000000000e+00	0.0000000000000000e+00	0.0000000000000000e+00	0.0000000000000000e+00	0.0000000000000000e+00
2	119	7.4769905189000028e+00	7.7710843072644874e-03	1.2318981448719794e-02	6.5212867688697520e-03	0.0000000000000000e+00	2.2057936187793569e-03	4.3154931500903951e-03	2.8179416740821875e-06	2.2029756771052740e-03	5.5686465519854289e-02	-8.9254934411770043e-03	0.0000000000000000e+00	0.0000000000000000e+00	0.0000000000000000e+00	0.0000000000000000e+00	-3.6184250789842493e-07	0.0000000000000000e+00	0.0000000000000000e+00	0.0000000000000000e+00	0.0000000000000000e+00	0.0000000000000000e+00
3	120	7.5398223720000024e+00	7.7707241400627736e-03	1.2318773778686334e-02	6.5212142113254910e-03	0.0000000000000000e+00	2.2060391876823470e-03	4.3151750236431440e-03	2.8669419044628319e-06	2.2031722457778839e-03	5.6053116461422817e-02	-7.5516553265082842e-04	0.0000000000000000e+00	0.0000000000000000e+00	0.0000000000000000e+00	0.0000000000000000e+00	-3.6016720170993589e-07	0.0000000000000000e+00	0.0000000000000000e+00	0.0000000000000000e+00	0.0000000000000000e+00	0.0000000000000000e+00
3	121	7.6026542251000020e+00	7.7703655401922030e-03	1.2318569155478349e-02	6.5211625275369920e-03	0.0000000000000000e+00	2.2062956680879392e-03	4.3148668594490524e-03	2.9209139329119224e-06	2.2033747541550285e-03	5.6415837414811723e-02	6.5491925893681265e-04	0.0000000000000000e+00	0.0000000000000000e+00	0.0000000000000000e+00	0.0000000000000000e+00	-3.5859987056891566e-07	0.0000000000000000e+00	0.0000000000000000e+00	0.0000000000000000e+00	0.0000000000000000e+00	0.0000000000000000e+00
3	122	7.6654860782000025e+00	7.7700085598026471e-03	1.2318367577419578e-02	6.5211503465758599e-03	0.0000000000000000e+00	2.2065679484357340e-03	4.3145823981401259e-03	2.9795540116044384e-06	2.2035883944241299e-03	5.6774197696510223e-02	1.2418340920143666e-02	0.0000000000000000e+00	0.0000000000000000e+00	0.0000000000000000e+00	0.0000000000000000e+00	-3.5698038955799211e-07	0.0000000000000000e+00	0.0000000000000000e+00	0.0000000000000000e+00	0.0000000000000000e+00	0.0000000000000000e+00
3	123	7.7283179313000030e+00	7.7696531946041137e-03	1.2318168947855871e-02	6.5211840905947376e-03	0.0000000000000000e+00	2.2068590166820141e-03	4.3143250739127231e-03	3.0423594087448643e-06	2.2038166572732696e-03	5.7127346101627022e-02	2.1228016516950856e-02	0.0000000000000000e+00	0.0000000000000000e+00	0.0000000000000000e+00	0.0000000000000000e+00	-3.5536519851940223e-07	0.0000000000000000e+00	0.0000000000000000e+00	0.0000000000000000e+00	0.0000000000000000e+00	0.0000000000000000e+00
3	124	7.7911497844000026e+00	7.7692995502012356e-03	1.2317973144905254e-02	6.5212653070876262e-03	0.0000000000000000e+00	2.2071693256285330e-03	4.3140959814590932e-03	3.1086802489599140e-06	2.2040606453795747e-03	5.7474268815163820e-02	2.6592636391809053e-02	0.0000000000000000e+00	0.0000000000000000e+00	0.0000000000000000e+00	0.0000000000000000e+00	-3.5364440288399335e-07	0.0000000000000000e+00	0.0000000000000000e+00	0.0000000000000000e+00	0.0000000000000000e+00	0.0000000000000000e+00
3	125	7.8539816375000022e+00	7.7689479016321682e-03	1.2317780039944213e-02	6.5213966476155892e-03	0.0000000000000000e+00	2.2074997240632936e-03	4.3138969235522956e-03	3.1776947699817015e-06	2.2043220292933107e-03	5.7814920080617893e-02	1.2561819284675587e-02	0.0000000000000000e+00	0.0000000000000000e+00	0.0000000000000000e+00	0.0000000000000000e+00	-3.5164856907342283e-07	0.0000000000000000e+00	0.0000000000000000e+00	0.0000000000000000e+00	0.0000000000000000e+00	0.0000000000000000e+00
3	126	7.9168134906000018e+00	7.7685987892728570e-03	1.2317589539575395e-02	6.5215854149248669e-03	0.0000000000000000e+00	2.2078531651939810e-03	4.3137322497308860e-03	3.2484531809429809e-06	2.2046047120130334e-03	5.8149461210163685e-02	3.6864723728049997e-02	0.0000000000000000e+00	0.0000000000000000e+00	0.0000000000000000e+00	0.0000000000000000e+00	-3.4911235931058699e-07	0.0000000000000000e+00	0.0000000000000000e+00	0.0000000000000000e+00	0.0000000000000000e+00	0.0000000000000000e+00
3	127	7.9796453437000014e+00	7.7682526984008769e-03	1.2317401366853132e-02	6.5218348055018482e-03	0.0000000000000000e+00	2.2082304696459062e-03	4.3136043358559424e-03	3.3198276245567855e-06	2.2049106420213532e-03	5.8477046316292761e-02	3.5292566127429204e-02	0.0000000000000000e+00	0.0000000000000000e+00	0.0000000000000000e+00	0.0000000000000000e+00	-3.4609087197837693e-07	0.0000000000000000e+00	0.0000000000000000e+00	0.0000000000000000e+00	0.0000000000000000e+00	0.0000000000000000e+00
3	128	8.0424771968000019e+00	7.7679101233736232e-03	1.2317215104190897e-02	6.5221449226123360e-03	0.0000000000000000e+00	2.2086308647458613e-03	4.3135140578664747e-03	3.3905417143514250e-06	2.2052403230315102e-03	5.8797697442795574e-02	2.8363155626058324e-02	0.0000000000000000e+00	0.0000000000000000e+00	0.0000000000000000e+00	0.0000000000000000e+00	-3.4257502725360876e-07	0.0000000000000000e+00	0.0000000000000000e+00	0.0000000000000000e+00	0.0000000000000000e+00	0.0000000000000000e+00
3	129	8.1053090499000024e+00	7.7675715303962972e-03	1.2317030202268922e-02	6.5225128544020841e-03	0.0000000000000000e+00	2.2090521700064364e-03	4.3134606843956477e-03	3.4592988693430002e-06	2.2055928711370940e-03	5.9111487431831401e-02	3.3426313910981401e-02	0.0000000000000000e+00	0.0000000000000000e+00	0.0000000000000000e+00	0.0000000000000000e+00	-3.3859297733292960e-07	0.0000000000000000e+00	0.0000000000000000e+00	0.0000000000000000e+00	0.0000000000000000e+00	0.0000000000000000e+00
3	130	8.1681409030000012e+00	7.7672374892432628e-03	1.2316846088409970e-02	6.5229336419213657e-03	0.0000000000000000e+00	2.2094913848452538e-03	4.3134422570761119e-03	3.5252530274330641e-06	2.2059661318178173e-03	5.9418656538456155e-02	4.2656594253152325e-02	0.0000000000000000e+00	0.0000000000000000e+00	0.0000000000000000e+00	0.0000000000000000e+00	-3.3404115303235210e-07	0.0000000000000000e+00	0.0000000000000000e+00	0.0000000000000000e+00	0.0000000000000000e+00	0.0000000000000000e+00
3	131	8.2309727560999999e+00	7.7669082928752764e-03	1.2316661979005966e-02	6.5233979298369212e-03	0.0000000000000000e+00	2.2099435690089587e-03	4.3134543608279625e-03	3.5876665532127278e-06	2.2063559024557457e-03	5.9719299170118624e-02	4.4229256280981073e-02	0.0000000000000000e+00	0.0000000000000000e+00	0.0000000000000000e+00	0.0000000000000000e+00	-3.2919636798055325e-07	0.0000000000000000e+00	0.0000000000000000e+00	0.0000000000000000e+00	0.0000000000000000e+00	0.0000000000000000e+00
3	132	8.2938046091999986e+00	7.7665842213022291e-03	1.2316477131484590e-02	6.5238952137648956e-03	0.0000000000000000e+00	2.2104033862548420e-03	4.3134918275100536e-03	3.6459058113313975e-06	2.2067574804435107e-03	6.0013225368980024e-02	5.2687642576387625e-02	0.0000000000000000e+00	0.0000000000000000e+00	0.0000000000000000e+00	0.0000000000000000e+00	-3.2407157304931792e-07	0.0000000000000000e+00	0.0000000000000000e+00	0.0000000000000000e+00	0.0000000000000000e+00	0.0000000000000000e+00
3	133	8.3566364622999973e+00	7.7662650751202204e-03	1.2316290646606800e-02	6.5244108840631148e-03	0.0000000000000000e+00	2.2108638945175256e-03	4.3135469895455893e-03	3.6992865918928621e-06	2.2071646079256341e-03	6.0300254495969499e-02	4.8087672237844686e-02	0.0000000000000000e+00	0.0000000000000000e+00	0.0000000000000000e+00	0.0000000000000000e+00	-3.1914618200348317e-07	0.0000000000000000e+00	0.0000000000000000e+00	0.0000000000000000e+00	0.0000000000000000e+00	0.0000000000000000e+00
3	134	8.4194683153999961e+00	7.7659509132818449e-03	1.2316102041226368e-02	6.5249338191063931e-03	0.0000000000000000e+00	2.2113200661362841e-03	4.3136137529701090e-03	3.7471477058807553e-06	2.2075729184304021e-03	6.0580501677877596e-02	5.9542793695354132e-02	0.0000000000000000e+00	0.0000000000000000e+00	0.0000000000000000e+00	0.0000000000000000e+00	-3.1416183838152841e-07	0.0000000000000000e+00	0.0000000000000000e+00	0.0000000000000000e+00	0.0000000000000000e+00	0.0000000000000000e+00
3	135	8.4823001684999966e+00	7.7656419551327830e-03	1.2315911293727669e-02	6.5254564765290877e-03	0.0000000000000000e+00	2.2117691103991899e-03	4.3136873661298973e-03	3.7885899721729439e-06	2.2079805204270166e-03	6.0854197041611498e-02	6.9431867963293606e-02	0.0000000000000000e+00	0.0000000000000000e+00	0.0000000000000000e+00	0.0000000000000000e+00	-3.0895814905873532e-07	0.0000000000000000e+00	0.0000000000000000e+00	0.0000000000000000e+00	0.0000000000000000e+00	0.0000000000000000e+00
3	136	8.5451320215999971e+00	7.7653378743127357e-03	1.2315718576563420e-02	6.5259732322881358e-03	0.0000000000000000e+00	2.2122114715253170e-03	4.3137617607628192e-03	3.8233427914694453e-06	2.2083881287338512e-03	6.1122179610616605e-02	5.9788317727255222e-02	0.0000000000000000e+00	0.0000000000000000e+00	0.0000000000000000e+00	0.0000000000000000e+00	-3.0408082004503845e-07	0.0000000000000000e+00	0.0000000000000000e+00	0.0000000000000000e+00	0.0000000000000000e+00	0.0000000000000000e+00
3	137	8.6079638746999958e+00	7.7650383786738702e-03	1.2315524680091875e-02	6.5265165151001496e-03	0.0000000000000000e+00	2.2126845017715127e-03	4.3138320133286369e-03	3.8618596776921466e-06	2.2088226420938235e-03	6.1412037420400599e-02	6.0061265503592726e-02	0.0000000000000000e+00	0.0000000000000000e+00	0.0000000000000000e+00	0.0000000000000000e+00	-2.9949563888023479e-07	0.0000000000000000e+00	0.0000000000000000e+00	0.0000000000000000e+00	0.0000000000000000e+00	0.0000000000000000e+00
3	138	8.6707957277999963e+00	7.7647435130855438e-03	1.2315330403439316e-02	6.5270636494442306e-03	0.0000000000000000e+00	2.2131640629652052e-03	4.3138995864790254e-03	3.8902992425486650e-06	2.2092737637226540e-03	6.1708914661654936e-02	5.7209887330855268e-02	0.0000000000000000e+00	0.0000000000000000e+00	0.0000000000000000e+00	0.0000000000000000e+00	-2.9486558832370966e-07	0.0000000000000000e+00	0.0000000000000000e+00	0.0000000000000000e+00	0.0000000000000000e+00	0.0000000000000000e+00
3	139	8.7336275808999968e+00	7.7644529520445437e-03	1.2315136031704787e-02	6.5275683405910459e-03	0.0000000000000000e+00	2.2136072043464454e-03	4.3139611362446005e-03	3.8911398698955125e-06	2.2097160644765487e-03	6.1985101311221508e-02	5.1529095184137216e-02	0.0000000000000000e+00	0.0000000000000000e+00	0.0000000000000000e+00	0.0000000000000000e+00	-2.9056104100426359e-07	0.0000000000000000e+00	0.0000000000000000e+00	0.0000000000000000e+00	0.0000000000000000e+00	0.0000000000000000e+00
3	140	8.7964594339999973e+00	7.7641663067025794e-03	1.2314942188065049e-02	6.5280148628885553e-03	0.0000000000000000e+00	2.2140067842702010e-03	4.3140080786183543e-03	3.8671131656658594e-06	2.2101396711045381e-03	6.2240209571206247e-02	5.3309078268347729e-02	0.0000000000000000e+00	0.0000000000000000e+00	0.0000000000000000e+00	0.0000000000000000e+00	-2.8664534195005209e-07	0.0000000000000000e+00	0.0000000000000000e+00	0.0000000000000000e+00	0.0000000000000000e+00	0.0000000000000000e+00
3	141	8.8592912870999978e+00	7.7638835852208181e-03	1.2314749675413015e-02	6.5283883404177786e-03	0.0000000000000000e+00	2.2143618498493005e-03	4.3140264905684785e-03	3.8251615514610894e-06	2.2105366882978371e-03	6.2477655593102033e-02	5.5834645792426148e-02	0.0000000000000000e+00	0.0000000000000000e+00	0.0000000000000000e+00	0.0000000000000000e+00	-2.8272148176782425e-07	0.0000000000000000e+00	0.0000000000000000e+00	0.0000000000000000e+00	0.0000000000000000e+00	0.0000000000000000e+00
3	142	8.9221231401999983e+00	7.7636047332142822e-03	1.2314558832101309e-02	6.5287190081755233e-03	0.0000000000000000e+00	2.2146799278571477e-03	4.3140390803183756e-03	3.7720117593976358e-06	2.2109079160977508e-03	6.2701465441189541e-02	6.3030434362576077e-02	0.0000000000000000e+00	0.0000000000000000e+00	0.0000000000000000e+00	0.0000000000000000e+00	-2.7885200652401186e-07	0.0000000000000000e+00	0.0000000000000000e+00	0.0000000000000000e+00	0.0000000000000000e+00	0.0000000000000000e+00
3	143	8.9849549932999988e+00	7.7633290776911688e-03	1.2314369407363251e-02	6.5290034266562279e-03	0.0000000000000000e+00	2.2149656189580274e-03	4.3140378076982006e-03	3.7113819661276887e-06	2.2112542369918959e-03	6.2913730038181861e-02	7.6537788857054215e-02	0.0000000000000000e+00	0.0000000000000000e+00	0.0000000000000000e+00	0.0000000000000000e+00	-2.7565552311403354e-07	0.0000000000000000e+00	0.0000000000000000e+00	0.0000000000000000e+00	0.0000000000000000e+00	0.0000000000000000e+00
3	144	9.0477868463999993e+00	7.7630562846392930e-03	1.2314181391163082e-02	6.5292478201638554e-03	0.0000000000000000e+00	2.2152221216756715e-03	4.3140256984881839e-03	3.6458493867807392e-06	2.2115762722888952e-03	6.3115261127311348e-02	7.0252486643517173e-02	0.0000000000000000e+00	0.0000000000000000e+00	0.0000000000000000e+00	0.0000000000000000e+00	-2.7279305187841155e-07	0.0000000000000000e+00	0.0000000000000000e+00	0.0000000000000000e+00	0.0000000000000000e+00	0.0000000000000000e+00
3	145	9.1106186994999998e+00	7.7627859492031730e-03	1.2313994815087895e-02	6.5294590505886024e-03	0.0000000000000000e+00	2.2154531988922447e-03	4.3140058516963576e-03	3.5778417133769050e-06	2.2118753571788649e-03	6.3306383749418702e-02	8.2637587457132997e-02	0.0000000000000000e+00	0.0000000000000000e+00	0.0000000000000000e+00	0.0000000000000000e+00	-2.7033543613258155e-07	0.0000000000000000e+00	0.0000000000000000e+00	0.0000000000000000e+00	0.0000000000000000e+00	0.0000000000000000e+00
3	146	9.1734505526000003e+00	7.7625180055402605e-03	1.2313809976846130e-02	6.5296429051477714e-03	0.0000000000000000e+00	2.2156619473193838e-03	4.3139809578283880e-03	3.5094557600462032e-06	2.2121524915593360e-03	6.3487542042354461e-02	9.3616622161529259e-02	0.0000000000000000e+00	0.0000000000000000e+00	0.0000000000000000e+00	0.0000000000000000e+00	-2.6794366290362676e-07	0.0000000000000000e+00	0.0000000000000000e+00	0.0000000000000000e+00	0.0000000000000000e+00	0.0000000000000000e+00
3	147	9.2362824057000008e+00	7.7622522966118027e-03	1.2313627180517870e-02	6.5298018777701847e-03	0.0000000000000000e+00	2.2158501240680363e-03	4.3139517537021483e-03	3.4424000878359235e-06	2.2124077239802026e-03	6.3659396390296955e-02	1.0376760454704459e-01	0.0000000000000000e+00	0.0000000000000000e+00	0.0000000000000000e+00	0.0000000000000000e+00	-2.6570892845889168e-07	0.0000000000000000e+00	0.0000000000000000e+00	0.0000000000000000e+00	0.0000000000000000e+00	0.0000000000000000e+00
3	148	9.2991142588000031e+00	7.7619882824895275e-03	1.2313446636414361e-02	6.5299353296080333e-03	0.0000000000000000e+00	2.2160187938337428e-03	4.3139165357742905e-03	3.3780421552253123e-06	2.2126407516785142e-03	6.3822463157219830e-02	1.0691980414062474e-01	0.0000000000000000e+00	0.0000000000000000e+00	0.0000000000000000e+00	0.0000000000000000e+00	-2.6401412226928762e-07	0.0000000000000000e+00	0.0000000000000000e+00	0.0000000000000000e+00	0.0000000000000000e+00	0.0000000000000000e+00
3	149	9.3619461119000036e+00	7.7617253038404430e-03	1.2313268493411420e-02	6.5300409753038108e-03	0.0000000000000000e+00	2.2161687763887303e-03	4.3138721989150804e-03	3.3173880769584590e-06	2.2128513883117778e-03	6.3977522893983632e-02	1.2092342621234982e-01	0.0000000000000000e+00	0.0000000000000000e+00	0.0000000000000000e+00	0.0000000000000000e+00	-2.6297864909244514e-07	0.0000000000000000e+00	0.0000000000000000e+00	0.0000000000000000e+00	0.0000000000000000e+00	0.0000000000000000e+00
3	150	9.4247779650000023e+00	7.7614630875393435e-03	1.2313093149259090e-02	6.5301158500524819e-03	0.0000000000000000e+00	2.2163008866523835e-03	4.3138149634000984e-03	3.2610984037317579e-06	2.2130397882486512e-03	6.4125513523112604e-02	1.1690302129954361e-01	0.0000000000000000e+00	0.0000000000000000e+00	0.0000000000000000e+00	0.0000000000000000e+00	-2.6221630109931245e-07	0.0000000000000000e+00	0.0000000000000000e+00	0.0000000000000000e+00	0.0000000000000000e+00	0.0000000000000000e+00
3	151	9.4876098181000010e+00	7.7612015131563357e-03	1.2312921142432754e-02	6.5301582949661985e-03	0.0000000000000000e+00	2.2164170145532562e-03	4.3137412804129423e-03	3.2094964958051853e-06	2.2132075180574485e-03	6.4267641283290086e-02	1.0007712444124835e-01	0.0000000000000000e+00	0.0000000000000000e+00	0.0000000000000000e+00	0.0000000000000000e+00	-2.6157438301499714e-07	0.0000000000000000e+00	0.0000000000000000e+00	0.0000000000000000e+00	0.0000000000000000e+00	0.0000000000000000e+00
3	152	9.5504416711999998e+00	7.7609404512709321e-03	1.2312752854223348e-02	6.5301671975308605e-03	0.0000000000000000e+00	2.2165199014789949e-03	4.3136472960518656e-03	3.1625357968570919e-06	2.2133573656821408e-03	6.4405810178937969e-02	1.2510771764998044e-01	0.0000000000000000e+00	0.0000000000000000e+00	0.0000000000000000e+00	0.0000000000000000e+00	-2.6106188539845610e-07	0.0000000000000000e+00	0.0000000000000000e+00	0.0000000000000000e+00	0.0000000000000000e+00	0.0000000000000000e+00
3	153	9.6132735242999985e+00	7.7606798074614774e-03	1.2312588425321494e-02	6.5301434184021241e-03	0.0000000000000000e+00	2.2166142124791489e-03	4.3135292059229748e-03	3.1198720880488458e-06	2.2134943403910997e-03	6.4542399662826294e-02	1.1502577737099592e-01	0.0000000000000000e+00	0.0000000000000000e+00	0.0000000000000000e+00	0.0000000000000000e+00	-2.6064380945810732e-07	0.0000000000000000e+00	0.0000000000000000e+00	0.0000000000000000e+00	0.0000000000000000e+00	0.0000000000000000e+00
3	154	9.6761053773999972e+00	7.7604194781025343e-03	1.2312427597072030e-02	6.5300913422708931e-03	0.0000000000000000e+00	2.2167085851552875e-03	4.3133827571156056e-03	3.0820726812986681e-06	2.2136265124739905e-03	6.4682530545632111e-02	1.1180733464556937e-01	0.0000000000000000e+00	0.0000000000000000e+00	0.0000000000000000e+00	0.0000000000000000e+00	-2.6032935893201566e-07	0.0000000000000000e+00	0.0000000000000000e+00	0.0000000000000000e+00	0.0000000000000000e+00	0.0000000000000000e+00
3	155	9.7389372304999977e+00	7.7601594764701064e-03	1.2312269635050910e-02	6.5300373348128066e-03	0.0000000000000000e+00	2.2168398528811212e-03	4.3131974819316850e-03	3.0603113950679326e-06	2.2137795414860517e-03	6.4856086592975967e-02	4.5555780199581945e-02	0.0000000000000000e+00	0.0000000000000000e+00	0.0000000000000000e+00	0.0000000000000000e+00	-2.6000163242466652e-07	0.0000000000000000e+00	0.0000000000000000e+00	0.0000000000000000e+00	0.0000000000000000e+00	0.0000000000000000e+00
3	156	9.8017690835999982e+00	7.7598998762742778e-03	1.2312114521515292e-02	6.5300105233250076e-03	0.0000000000000000e+00	2.2170154004985711e-03	4.3129951228264365e-03	3.0546658843767764e-06	2.2139607346141968e-03	6.5060316042210048e-02	3.7072507322851930e-02	0.0000000000000000e+00	0.0000000000000000e+00	0.0000000000000000e+00	0.0000000000000000e+00	-2.5960019582782207e-07	0.0000000000000000e+00	0.0000000000000000e+00	0.0000000000000000e+00	0.0000000000000000e+00	0.0000000000000000e+00
3	157	9.8646009366999987e+00	7.7596406487644761e-03	1.2311961816948706e-02	6.5299982262403359e-03	0.0000000000000000e+00	2.2172146243342270e-03	4.3127836019061089e-03	3.0572330990936671e-06	2.2141573912351333e-03	6.5282997186427008e-02	4.8254025233441786e-02	0.0000000000000000e+00	0.0000000000000000e+00	0.0000000000000000e+00	0.0000000000000000e+00	-2.5922750980626265e-07	0.0000000000000000e+00	0.0000000000000000e+00	0.0000000000000000e+00	0.0000000000000000e+00	0.0000000000000000e+00
3	158	9.9274327897999992e+00	7.7593818960348029e-03	1.2311811359727531e-02	6.5299985379651017e-03	0.0000000000000000e+00	2.2174354242673199e-03	4.3125631136977823e-03	3.0640838766443113e-06	2.2143713403906750e-03	6.5524276174020360e-02	4.2230157618228494e-02	0.0000000000000000e+00	0.0000000000000000e+00	0.0000000000000000e+00	0.0000000000000000e+00	-2.5875272967861539e-07	0.0000000000000000e+00	0.0000000000000000e+00	0.0000000000000000e+00	0.0000000000000000e+00	0.0000000000000000e+00
3	159	9.9902646428999979e+00	7.7591239154704197e-03	1.2311663501494196e-02	6.5300404269664084e-03	0.0000000000000000e+00	2.2176940412955374e-03	4.3123463856708710e-03	3.0797471247449428e-06	2.2146142941707955e-03	6.5785696111532621e-02	3.7659243336645741e-02	0.0000000000000000e+00	0.0000000000000000e+00	0.0000000000000000e+00	0.0000000000000000e+00	-2.5798056438150948e-07	0.0000000000000000e+00	0.0000000000000000e+00	0.0000000000000000e+00	0.0000000000000000e+00	0.0000000000000000e+00
4	160	1.0053096495999998e+01	7.7588669796027632e-03	1.2311519009164473e-02	6.5301186038808764e-03	0.0000000000000000e+00	2.2179852657255193e-03	4.3121333381553571e-03	3.1024329702842453e-06	2.2148828327552342e-03	6.6065155222080008e-02	4.3765695325131457e-02	0.0000000000000000e+00	0.0000000000000000e+00	0.0000000000000000e+00	0.0000000000000000e+00	-2.5693586765193480e-07	0.0000000000000000e+00	0.0000000000000000e+00	0.0000000000000000e+00	0.0000000000000000e+00	0.0000000000000000e+00
4	161	1.0115928349099997e+01	7.7586113000173672e-03	1.2311378677548144e-02	6.5302305771764045e-03	0.0000000000000000e+00	2.2183035429524075e-03	4.3119270342239970e-03	3.1316807872651161e-06	2.2151718621651441e-03	6.6359170425892747e-02	3.8294154317750649e-02	0.0000000000000000e+00	0.0000000000000000e+00	0.0000000000000000e+00	0.0000000000000000e+00	-2.5567958539240194e-07	0.0000000000000000e+00	0.0000000000000000e+00	0.0000000000000000e+00	0.0000000000000000e+00	0.0000000000000000e+00
4	162	1.0178760202199996e+01	7.7583568489723257e-03	1.2311243003500855e-02	6.5303764372362169e-03	0.0000000000000000e+00	2.2186444245880193e-03	4.3117320126481980e-03	3.1673662096529625e-06	2.2154770583783599e-03	6.6662712897378337e-02	3.3125680161030430e-02	0.0000000000000000e+00	0.0000000000000000e+00	0.0000000000000000e+00	0.0000000000000000e+00	-2.5445104504333657e-07	0.0000000000000000e+00	0.0000000000000000e+00	0.0000000000000000e+00	0.0000000000000000e+00	0.0000000000000000e+00
4	163	1.0241592055299996e+01	7.7581035022415597e-03	1.2311112281392924e-02	6.5305597057451247e-03	0.0000000000000000e+00	2.2190059188392985e-03	4.3115537869058262e-03	3.2095668294529737e-06	2.2157963520098474e-03	6.6969824962180985e-02	4.7547029681235579e-02	0.0000000000000000e+00	0.0000000000000000e+00	0.0000000000000000e+00	0.0000000000000000e+00	-2.5334673076212687e-07	0.0000000000000000e+00	0.0000000000000000e+00	0.0000000000000000e+00	0.0000000000000000e+00	0.0000000000000000e+00
4	164	1.0304423908399997e+01	7.7578513306892360e-03	1.2310986854141809e-02	6.5307860253439433e-03	0.0000000000000000e+00	2.2193879038541831e-03	4.3113981214897602e-03	3.2584422617135498e-06	2.2161294615924690e-03	6.7276538500019537e-02	4.2731197768386367e-02	0.0000000000000000e+00	0.0000000000000000e+00	0.0000000000000000e+00	0.0000000000000000e+00	-2.5217155234280364e-07	0.0000000000000000e+00	0.0000000000000000e+00	0.0000000000000000e+00	0.0000000000000000e+00	0.0000000000000000e+00
4	165	1.0367255761499996e+01	7.7576003063760520e-03	1.2310866957393632e-02	6.5310604776140473e-03	0.0000000000000000e+00	2.2197908505929365e-03	4.3112696270211108e-03	3.3141052266224268e-06	2.2164767453663140e-03	6.7579852354609421e-02	4.4755758170787509e-02	0.0000000000000000e+00	0.0000000000000000e+00	0.0000000000000000e+00	0.0000000000000000e+00	-2.5102431317524493e-07	0.0000000000000000e+00	0.0000000000000000e+00	0.0000000000000000e+00	0.0000000000000000e+00	0.0000000000000000e+00
4	166	1.0430087614599996e+01	7.7573504298244604e-03	1.2310752781773997e-02	6.5313877708428718e-03	0.0000000000000000e+00	2.2202156629044525e-03	4.3111721079384189e-03	3.3764567773481073e-06	2.2168392061271023e-03	6.7877726130918775e-02	4.4480716777420430e-02	0.0000000000000000e+00	0.0000000000000000e+00	0.0000000000000000e+00	0.0000000000000000e+00	-2.4987655159910190e-07	0.0000000000000000e+00	0.0000000000000000e+00	0.0000000000000000e+00	0.0000000000000000e+00	0.0000000000000000e+00
4	167	1.0492919467699997e+01	7.7571017374168001e-03	1.2310644419915577e-02	6.5317726383510360e-03	0.0000000000000000e+00	2.2206636554160048e-03	4.3111089829350312e-03	3.4450993526497112e-06	2.2172185560633537e-03	6.8168747266124832e-02	4.0706394355805052e-02	0.0000000000000000e+00	0.0000000000000000e+00	0.0000000000000000e+00	0.0000000000000000e+00	-2.4869240765231477e-07	0.0000000000000000e+00	0.0000000000000000e+00	0.0000000000000000e+00	0.0000000000000000e+00	0.0000000000000000e+00
4	168	1.0555751320799997e+01	7.7568542351619191e-03	1.2310541740962553e-02	6.5322181389885570e-03	0.0000000000000000e+00	2.2211355002620730e-03	4.3110826387264840e-03	3.5193199068281974e-06	2.2176161803552450e-03	6.8451779903319784e-02	4.4118191368474842e-02	0.0000000000000000e+00	0.0000000000000000e+00	0.0000000000000000e+00	0.0000000000000000e+00	-2.4750225489101734e-07	0.0000000000000000e+00	0.0000000000000000e+00	0.0000000000000000e+00	0.0000000000000000e+00	0.0000000000000000e+00
4	169	1.0618583173899998e+01	7.7566078618260207e-03	1.2310444247205132e-02	6.5327237431954902e-03	0.0000000000000000e+00	2.2216300792829435e-03	4.3110936639125467e-03	3.5980326106318320e-06	2.2180320466723101e-03	6.8726004955525569e-02	4.4381336995950711e-02	0.0000000000000000e+00	0.0000000000000000e+00	0.0000000000000000e+00	0.0000000000000000e+00	-2.4637333587516723e-07	0.0000000000000000e+00	0.0000000000000000e+00	0.0000000000000000e+00	0.0000000000000000e+00	0.0000000000000000e+00
4	170	1.0681415026999998e+01	7.7563624341762524e-03	1.2310350899003586e-02	6.5332856717451957e-03	0.0000000000000000e+00	2.2221445474367219e-03	4.3111411243084733e-03	3.6799475155350298e-06	2.2184645999211877e-03	6.8990719419815924e-02	3.9910859050746782e-02	0.0000000000000000e+00	0.0000000000000000e+00	0.0000000000000000e+00	0.0000000000000000e+00	-2.4542764977789276e-07	0.0000000000000000e+00	0.0000000000000000e+00	0.0000000000000000e+00	0.0000000000000000e+00	0.0000000000000000e+00
4	171	1.0744246880099999e+01	7.7561179375214779e-03	1.2310260183756434e-02	6.5338975287212147e-03	0.0000000000000000e+00	2.2226742980002013e-03	4.3112232307210138e-03	3.7635242018201833e-06	2.2189107737983788e-03	6.9245002953370674e-02	3.5615541759072576e-02	0.0000000000000000e+00	0.0000000000000000e+00	0.0000000000000000e+00	0.0000000000000000e+00	-2.4449665477924695e-07	0.0000000000000000e+00	0.0000000000000000e+00	0.0000000000000000e+00	0.0000000000000000e+00	0.0000000000000000e+00
4	172	1.0807078733199999e+01	7.7558743356040821e-03	1.2310169977897887e-02	6.5345502500637441e-03	0.0000000000000000e+00	2.2232131149329567e-03	4.3113371351307869e-03	3.8471315522992196e-06	2.2193659833806543e-03	6.9487198521733240e-02	4.0239941696225828e-02	0.0000000000000000e+00	0.0000000000000000e+00	0.0000000000000000e+00	0.0000000000000000e+00	-2.4360191740117614e-07	0.0000000000000000e+00	0.0000000000000000e+00	0.0000000000000000e+00	0.0000000000000000e+00	0.0000000000000000e+00
4	173	1.0869910586300000e+01	7.7556314797918935e-03	1.2310077650145530e-02	6.5352315858459489e-03	0.0000000000000000e+00	2.2237533160368492e-03	4.3114782698090992e-03	3.9293959893348234e-06	2.2198239200475166e-03	6.9718112465555038e-02	3.6073022093156770e-02	0.0000000000000000e+00	0.0000000000000000e+00	0.0000000000000000e+00	0.0000000000000000e+00	-2.4285581218333048e-07	0.0000000000000000e+00	0.0000000000000000e+00	0.0000000000000000e+00	0.0000000000000000e+00	0.0000000000000000e+00
4	174	1.0932742439400002e+01	7.7553888709547929e-03	1.2309980257943377e-02	6.5359253862349040e-03	0.0000000000000000e+00	2.2242858639104765e-03	4.3116395223244276e-03	4.0092690768311671e-06	2.2202765948336504e-03	6.9935947725604936e-02	2.0225880430568964e-02	0.0000000000000000e+00	0.0000000000000000e+00	0.0000000000000000e+00	0.0000000000000000e+00	-2.4260883710369355e-07	0.0000000000000000e+00	0.0000000000000000e+00	0.0000000000000000e+00	0.0000000000000000e+00	0.0000000000000000e+00
4	175	1.0995574292500002e+01	7.7551461804725476e-03	1.2309875255136504e-02	6.5366148602829400e-03	0.0000000000000000e+00	2.2248020860816909e-03	4.3118127742012491e-03	4.0860505943425764e-06	2.2207160354873455e-03	7.0142008259763841e-02	2.5038740791089826e-02	0.0000000000000000e+00	0.0000000000000000e+00	0.0000000000000000e+00	0.0000000000000000e+00	-2.4269048223544505e-07	0.0000000000000000e+00	0.0000000000000000e+00	0.0000000000000000e+00	0.0000000000000000e+00	0.0000000000000000e+00
4	176	1.1058406145600003e+01	7.7549034109877157e-03	1.2309760793248933e-02	6.5372839112228191e-03	0.0000000000000000e+00	2.2252945740883993e-03	4.3119893371344198e-03	4.1594391883656419e-06	2.2211351349000347e-03	7.0336693062805405e-02	2.7346429288258093e-02	0.0000000000000000e+00	0.0000000000000000e+00	0.0000000000000000e+00	0.0000000000000000e+00	-2.4276948484083593e-07	0.0000000000000000e+00	0.0000000000000000e+00	0.0000000000000000e+00	0.0000000000000000e+00	0.0000000000000000e+00
4	177	1.1121237998700003e+01	7.7546604870608223e-03	1.2309635522478603e-02	6.5379180384445767e-03	0.0000000000000000e+00	2.2257576770334467e-03	4.3121603614111300e-03	4.2290399747982744e-06	2.2215286370586510e-03	7.0521779690996780e-02	2.3482415679682175e-02	0.0000000000000000e+00	0.0000000000000000e+00	0.0000000000000000e+00	0.0000000000000000e+00	-2.4292392688800431e-07	0.0000000000000000e+00	0.0000000000000000e+00	0.0000000000000000e+00	0.0000000000000000e+00	0.0000000000000000e+00
4	178	1.1184069851800004e+01	7.7544177477172280e-03	1.2309498856040104e-02	6.5385035706458858e-03	0.0000000000000000e+00	2.2261866490781248e-03	4.3123169215677614e-03	4.2938657208648916e-06	2.2218927833572615e-03	7.0697406281366046e-02	2.1648648879463345e-02	0.0000000000000000e+00	0.0000000000000000e+00	0.0000000000000000e+00	0.0000000000000000e+00	-2.4273934358582928e-07	0.0000000000000000e+00	0.0000000000000000e+00	0.0000000000000000e+00	0.0000000000000000e+00	0.0000000000000000e+00
4	179	1.1246901704900003e+01	7.7541752414399248e-03	1.2309350572464602e-02	6.5390249678129349e-03	0.0000000000000000e+00	2.2265772855223609e-03	4.3124476822905735e-03	4.3532674624331712e-06	2.2222240180599273e-03	7.0864973678865850e-02	2.4349147350660304e-02	0.0000000000000000e+00	0.0000000000000000e+00	0.0000000000000000e+00	0.0000000000000000e+00	-2.4250627730782412e-07	0.0000000000000000e+00	0.0000000000000000e+00	0.0000000000000000e+00	0.0000000000000000e+00	0.0000000000000000e+00
4	180	1.1309733558000001e+01	7.7539332141377685e-03	1.2309191371163836e-02	6.5394784339948102e-03	0.0000000000000000e+00	2.2269334673799442e-03	4.3125449666148660e-03	4.4059671901937059e-06	2.2225275001897483e-03	7.1026150540181798e-02	1.7885356112157809e-02	0.0000000000000000e+00	0.0000000000000000e+00	0.0000000000000000e+00	0.0000000000000000e+00	-2.4202730216107158e-07	0.0000000000000000e+00	0.0000000000000000e+00	0.0000000000000000e+00	0.0000000000000000e+00	0.0000000000000000e+00
4	181	1.1372565411100000e+01	7.7536922118587141e-03	1.2309023539783243e-02	6.5399265944746359e-03	0.0000000000000000e+00	2.2273268186512301e-03	4.3125997758234058e-03	4.4681719914817919e-06	2.2228586466597512e-03	7.1229003606737812e-02	2.1101504157618058e-02	0.0000000000000000e+00	0.0000000000000000e+00	0.0000000000000000e+00	0.0000000000000000e+00	-2.4100227905098107e-07	0.0000000000000000e+00	0.0000000000000000e+00	0.0000000000000000e+00	0.0000000000000000e+00	0.0000000000000000e+00
4	182	1.1435397264200001e+01	7.7534526738888086e-03	1.2308849763354569e-02	6.5403519319469985e-03	0.0000000000000000e+00	2.2277215574476191e-03	4.3126303744993790e-03	4.5032960787691365e-06	2.2232182613688492e-03	7.1437555384449930e-02	2.1788123634708771e-02	0.0000000000000000e+00	0.0000000000000000e+00	0.0000000000000000e+00	0.0000000000000000e+00	-2.3953796991245039e-07	0.0000000000000000e+00	0.0000000000000000e+00	0.0000000000000000e+00	0.0000000000000000e+00	0.0000000000000000e+00
4	183	1.1498229117300003e+01	7.7532154023915219e-03	1.2308671427137279e-02	6.5406786823774326e-03	0.0000000000000000e+00	2.2280446926475793e-03	4.3126339897298534e-03	4.4791944793652264e-06	2.2235654981682127e-03	7.1610776664490158e-02	1.7630321611519537e-02	0.0000000000000000e+00	0.0000000000000000e+00	0.0000000000000000e+00	0.0000000000000000e+00	-2.3727149727857776e-07	0.0000000000000000e+00	0.0000000000000000e+00	0.0000000000000000e+00	0.0000000000000000e+00	0.0000000000000000e+00
4	184	1.1561060970400002e+01	7.7529808836963440e-03	1.2308490144957201e-02	6.5409035160662963e-03	0.0000000000000000e+00	2.2282984515500908e-03	4.3126050645162055e-03	4.4159998929007956e-06	2.2238824516571890e-03	7.1755113090919795e-02	2.7552231581505372e-02	0.0000000000000000e+00	0.0000000000000000e+00	0.0000000000000000e+00	0.0000000000000000e+00	-2.3451869518706682e-07	0.0000000000000000e+00	0.0000000000000000e+00	0.0000000000000000e+00	0.0000000000000000e+00	0.0000000000000000e+00
4	185	1.1623892823500000e+01	7.7527496123239448e-03	1.2308306947698952e-02	6.5410557296909288e-03	0.0000000000000000e+00	2.2285005957894096e-03	4.3125551339015192e-03	4.3311193347764310e-06	2.2241694764546342e-03	7.1880722582777917e-02	3.4779240703895903e-02	0.0000000000000000e+00	0.0000000000000000e+00	0.0000000000000000e+00	0.0000000000000000e+00	-2.3127137240223390e-07	0.0000000000000000e+00	0.0000000000000000e+00	0.0000000000000000e+00	0.0000000000000000e+00	0.0000000000000000e+00
4	186	1.1686724676600001e+01	7.7525216909221113e-03	1.2308122167987724e-02	6.5411507835886592e-03	0.0000000000000000e+00	2.2286573462441863e-03	4.3124934373444728e-03	4.2330408225738750e-06	2.2244243054216073e-03	7.1991447947663670e-02	3.8120189013960283e-02	0.0000000000000000e+00	0.0000000000000000e+00	0.0000000000000000e+00	0.0000000000000000e+00	-2.2792140183350111e-07	0.0000000000000000e+00	0.0000000000000000e+00	0.0000000000000000e+00	0.0000000000000000e+00	0.0000000000000000e+00
4	187	1.1749556529700001e+01	7.7522972624143628e-03	1.2307936168206905e-02	6.5411895554427944e-03	0.0000000000000000e+00	2.2287663156738222e-03	4.3124232397689722e-03	4.1255413112801699e-06	2.2246407743625393e-03	7.2087427686519892e-02	4.7785433176062618e-02	0.0000000000000000e+00	0.0000000000000000e+00	0.0000000000000000e+00	0.0000000000000000e+00	-2.2442850774044559e-07	0.0000000000000000e+00	0.0000000000000000e+00	0.0000000000000000e+00	0.0000000000000000e+00	0.0000000000000000e+00
4	188	1.1812388382800002e+01	7.7520766371673606e-03	1.2307749522900350e-02	6.5411718205721425e-03	0.0000000000000000e+00	2.2288261224453930e-03	4.3123456981267495e-03	4.0126366818039510e-06	2.2248134857635925e-03	7.2170260579617507e-02	4.4267250986121387e-02	0.0000000000000000e+00	0.0000000000000000e+00	0.0000000000000000e+00	0.0000000000000000e+00	-2.2062524700063610e-07	0.0000000000000000e+00	0.0000000000000000e+00	0.0000000000000000e+00	0.0000000000000000e+00	0.0000000000000000e+00
4	189	1.1875220235900002e+01	7.7518596878160349e-03	1.2307562742900189e-02	6.5410955677617667e-03	0.0000000000000000e+00	2.2288357785382601e-03	4.3122597892235066e-03	3.8969796478522741e-06	2.2249387988904079e-03	7.2239615776734226e-02	4.5084701492955022e-02	0.0000000000000000e+00	0.0000000000000000e+00	0.0000000000000000e+00	0.0000000000000000e+00	-2.1694935132248333e-07	0.0000000000000000e+00	0.0000000000000000e+00	0.0000000000000000e+00	0.0000000000000000e+00	0.0000000000000000e+00
4	190	1.1938052089000001e+01	7.7516465280038959e-03	1.2307376571148177e-02	6.5409601066737603e-03	0.0000000000000000e+00	2.2287960548774718e-03	4.3121640517962880e-03	3.7807871020861817e-06	2.2250152677753847e-03	7.2294658957425290e-02	5.3728046638437076e-02	0.0000000000000000e+00	0.0000000000000000e+00	0.0000000000000000e+00	0.0000000000000000e+00	-2.1315981213278387e-07	0.0000000000000000e+00	0.0000000000000000e+00	0.0000000000000000e+00	0.0000000000000000e+00	0.0000000000000000e+00
4	191	1.2000883942100002e+01	7.7514374091272155e-03	1.2307192045692026e-02	6.5407669171996712e-03	0.0000000000000000e+00	2.2287097905545686e-03	4.3120571266451026e-03	3.6660754062517385e-06	2.2250437151483129e-03	7.2336400655542338e-02	5.2336015031860632e-02	0.0000000000000000e+00	0.0000000000000000e+00	0.0000000000000000e+00	0.0000000000000000e+00	-2.0911887668648342e-07	0.0000000000000000e+00	0.0000000000000000e+00	0.0000000000000000e+00	0.0000000000000000e+00	0.0000000000000000e+00
4	192	1.2063715795200002e+01	7.7512324888427695e-03	1.2307010361156206e-02	6.5405214605065284e-03	0.0000000000000000e+00	2.2285824296330893e-03	4.3119390308734391e-03	3.5545284066115149e-06	2.2250279012264776e-03	7.2365022112803934e-02	4.5815619266042815e-02	0.0000000000000000e+00	0.0000000000000000e+00	0.0000000000000000e+00	0.0000000000000000e+00	-2.0492028445054522e-07	0.0000000000000000e+00	0.0000000000000000e+00	0.0000000000000000e+00	0.0000000000000000e+00	0.0000000000000000e+00
4	193	1.2126547648300003e+01	7.7510317961231832e-03	1.2306832864546615e-02	6.5402332334610867e-03	0.0000000000000000e+00	2.2284216998904524e-03	4.3118115335706343e-03	3.4473755925930330e-06	2.2249743242978605e-03	7.2381098435032348e-02	5.9442377881096235e-02	0.0000000000000000e+00	0.0000000000000000e+00	0.0000000000000000e+00	0.0000000000000000e+00	-2.0069271958435826e-07	0.0000000000000000e+00	0.0000000000000000e+00	0.0000000000000000e+00	0.0000000000000000e+00	0.0000000000000000e+00
4	194	1.2189379501400003e+01	7.7508352958714439e-03	1.2306661044448735e-02	6.5399110982241803e-03	0.0000000000000000e+00	2.2282353575722750e-03	4.3116757406519053e-03	3.3455545095117043e-06	2.2248898030627594e-03	7.2385030883355433e-02	5.5718911092188080e-02	0.0000000000000000e+00	0.0000000000000000e+00	0.0000000000000000e+00	0.0000000000000000e+00	-1.9650025174954571e-07	0.0000000000000000e+00	0.0000000000000000e+00	0.0000000000000000e+00	0.0000000000000000e+00	0.0000000000000000e+00
4	195	1.2252211354500002e+01	7.7506430332095998e-03	1.2306496609717625e-02	6.5395662082849901e-03	0.0000000000000000e+00	2.2280325875854647e-03	4.3115336206995258e-03	3.2495537470816271e-06	2.2247830338383871e-03	7.2378182435475238e-02	4.2966346723421811e-02	0.0000000000000000e+00	0.0000000000000000e+00	0.0000000000000000e+00	0.0000000000000000e+00	-1.9226266183707043e-07	0.0000000000000000e+00	0.0000000000000000e+00	0.0000000000000000e+00	0.0000000000000000e+00	0.0000000000000000e+00
4	196	1.2315043207600000e+01	7.7504548800146431e-03	1.2306341257686709e-02	6.5392068476268113e-03	0.0000000000000000e+00	2.2278222395414014e-03	4.3113846080854099e-03	3.1597734113350265e-06	2.2246624661300665e-03	7.2361633640836226e-02	5.4276909794616336e-02	0.0000000000000000e+00	0.0000000000000000e+00	0.0000000000000000e+00	0.0000000000000000e+00	-1.8815319496302105e-07	0.0000000000000000e+00	0.0000000000000000e+00	0.0000000000000000e+00	0.0000000000000000e+00	0.0000000000000000e+00
4	197	1.2377875060700001e+01	7.7502705168993715e-03	1.2306196447810898e-02	6.5388378482999655e-03	0.0000000000000000e+00	2.2276123259960885e-03	4.3112255223038765e-03	3.0762414822270067e-06	2.2245360845138621e-03	7.2336173051311223e-02	5.0476084774329945e-02	0.0000000000000000e+00	0.0000000000000000e+00	0.0000000000000000e+00	0.0000000000000000e+00	-1.8436311526595229e-07	0.0000000000000000e+00	0.0000000000000000e+00	0.0000000000000000e+00	0.0000000000000000e+00	0.0000000000000000e+00
4	198	1.2440706913800000e+01	7.7500894996600468e-03	1.2306063241476857e-02	6.5384597874688730e-03	0.0000000000000000e+00	2.2274096757093566e-03	4.3110501117595169e-03	2.9981086926444031e-06	2.2244115670167095e-03	7.2305444935527929e-02	4.6121439997007359e-02	0.0000000000000000e+00	0.0000000000000000e+00	0.0000000000000000e+00	0.0000000000000000e+00	-1.8101723931720357e-07	0.0000000000000000e+00	0.0000000000000000e+00	0.0000000000000000e+00	0.0000000000000000e+00	0.0000000000000000e+00
4	199	1.2503538766900000e+01	7.7499107161600016e-03	1.2305941525994811e-02	6.5380734488198720e-03	0.0000000000000000e+00	2.2272241219480557e-03	4.3108493268718164e-03	2.9229375313663086e-06	2.2243011844166904e-03	7.2276682446988136e-02	5.7803242769048586e-02	0.0000000000000000e+00	0.0000000000000000e+00	0.0000000000000000e+00	0.0000000000000000e+00	-1.7878350004992034e-07	0.0000000000000000e+00	0.0000000000000000e+00	0.0000000000000000e+00	0.0000000000000000e+00	0.0000000000000000e+00
5	200	1.2566370620000001e+01	7.7497339025471871e-03	1.2305830045920856e-02	6.5377405516038392e-03	0.0000000000000000e+00	2.2271439924834487e-03	4.3105965591203905e-03	2.8758157404977047e-06	2.2242681767429481e-03	7.2317398920854425e-02	4.2968721723448365e-02	0.0000000000000000e+00	0.0000000000000000e+00	0.0000000000000000e+00	0.0000000000000000e+00	-1.7681361280969717e-07	0.0000000000000000e+00	0.0000000000000000e+00	0.0000000000000000e+00	0.0000000000000000e+00	0.0000000000000000e+00
