# 
0.00000000000000000000e+00	0.00000000000000000000e+00	-1.03804334887093032117e+25	-1.02684940233593871212e+25
6.28318531000000013442e-02	0.00000000000000000000e+00	-1.19644295595228347320e+25	1.38964735250366770807e+38
1.25663706200000002688e-01	0.00000000000000000000e+00	-1.76853514946600686273e+33	2.72143470345448991391e+38
1.88495559300000004033e-01	0.00000000000000000000e+00	-1.31517497262829659715e+34	3.91597005387706238482e+38
2.51327412400000005377e-01	0.00000000000000000000e+00	-5.16087242449994146900e+34	4.84699105981806930826e+38
3.14159265500000006721e-01	0.00000000000000000000e+00	-1.45415390857177477565e+35	5.31695556808613150230e+38
3.76991118600000008065e-01	0.00000000000000000000e+00	-3.34147102112083151512e+35	5.06571790343512555189e+38
4.39822971700000009410e-01	0.00000000000000000000e+00	-6.68230573601358523729e+35	3.87759019975780127173e+38
5.02654824800000010754e-01	0.00000000000000000000e+00	-1.20331966257061046387e+36	1.78814133704880144607e+38
5.65486677900000067609e-01	0.00000000000000000000e+00	-1.99898579157140653162e+36	-7.94102069687979084506e+37
6.28318531000000124465e-01	0.00000000000000000000e+00	-3.12693610261757455446e+36	-3.20711506039409269013e+38
6.91150384100000181320e-01	0.00000000000000000000e+00	-4.65993471590579583643e+36	-4.84131225149818198619e+38
7.53982237200000238175e-01	0.00000000000000000000e+00	-6.68515044658864960858e+36	-5.45803000403338860835e+38
8.16814090300000295031e-01	0.00000000000000000000e+00	-9.36746025534088543649e+36	-5.20152609780060523390e+38
8.79645943400000351886e-01	0.00000000000000000000e+00	-1.28746010267224618283e+37	-4.34875577965634587141e+38
9.42477796500000408741e-01	0.00000000000000000000e+00	-1.73930561585320504911e+37	-3.13456154720678322766e+38
1.00530964960000046560e+00	0.00000000000000000000e+00	-2.32021839343925505632e+37	-1.72158711655901409998e+38
1.06814150270000052245e+00	0.00000000000000000000e+00	-3.06487321051845330801e+37	-2.23683419712293045578e+37
1.13097335580000057931e+00	0.00000000000000000000e+00	-4.01772037036488729114e+37	1.26907015872485969349e+38
1.19380520890000063616e+00	0.00000000000000000000e+00	-5.22212040566494116572e+37	2.67225308206680278654e+38
1.25663706200000069302e+00	0.00000000000000000000e+00	-6.72141255215817161002e+37	3.89154632705708932657e+38
1.31946891510000074987e+00	0.00000000000000000000e+00	-8.55120028209015353546e+37	4.81007588567056718200e+38
1.38230076820000080673e+00	0.00000000000000000000e+00	-1.06820583941568130388e+38	5.28211436161387442092e+38
1.44513262130000086358e+00	0.00000000000000000000e+00	-1.31050987909512210910e+38	5.14770710132136083097e+38
1.50796447440000092044e+00	0.00000000000000000000e+00	-1.57983718814331918471e+38	4.25379994869088400492e+38
1.57079632750000097730e+00	0.00000000000000000000e+00	-1.87284325908118174321e+38	2.53669047620610322232e+38
1.63362818060000103415e+00	0.00000000000000000000e+00	-2.18446940735610678557e+38	1.15467722759836210894e+37
1.69646003370000109101e+00	0.00000000000000000000e+00	-2.50538809834577289128e+38	-2.67662687914963298007e+38
1.75929188680000114786e+00	0.00000000000000000000e+00	-2.82697662779179332798e+38	-5.38713217507881301018e+38
1.82212373990000120472e+00	0.00000000000000000000e+00	-3.13940374944622738747e+38	-7.62145111561006232867e+38
1.88495559300000126157e+00	0.00000000000000000000e+00	-3.43231617513461774808e+38	-9.16677519959238766019e+38
1.94778744610000131843e+00	0.00000000000000000000e+00	-3.70061078309255762999e+38	-9.99041774946302779280e+38
2.01061929920000137528e+00	0.00000000000000000000e+00	-3.92940132945950012684e+38	-1.01630582513260296600e+39
2.07345115230000143214e+00	0.00000000000000000000e+00	-4.10650679927490547609e+38	-9.77845108587963789477e+38
2.13628300540000148899e+00	0.00000000000000000000e+00	-4.22279071488548726947e+38	-8.93838029103543390416e+38
2.19911485850000154585e+00	0.00000000000000000000e+00	-4.27096473906810170243e+38	-7.73086086062755783436e+38
2.26194671160000160270e+00	0.00000000000000000000e+00	-4.24583659506324491797e+38	-6.23064103845510202014e+38
2.32477856470000165956e+00	0.00000000000000000000e+00	-4.14756204647110479550e+38	-4.50862855457647456757e+38
2.38761041780000171642e+00	0.00000000000000000000e+00	-3.98898631770522738222e+38	-2.64442202033443181235e+38
2.45044227090000177327e+00	0.00000000000000000000e+00	-3.77995723584992317100e+38	-7.11240080121217157880e+37
2.51327412400000183013e+00	0.00000000000000000000e+00	-3.52396970353428128165e+38	1.18659067114925491793e+38
2.57610597710000188698e+00	0.00000000000000000000e+00	-3.22746648282992233959e+38	2.85355741437273771356e+38
2.63893783020000194384e+00	0.00000000000000000000e+00	-2.89829589835794830107e+38	3.96270223143593638621e+38
2.70176968330000200069e+00	0.00000000000000000000e+00	-2.54547992162394815658e+38	3.98645298630021858395e+38
2.76460153640000205755e+00	0.00000000000000000000e+00	-2.18036458921306888157e+38	2.24022286854309765703e+38
2.82743338950000211440e+00	0.00000000000000000000e+00	-1.81564335758406016117e+38	-1.82547491793213827538e+38
2.89026524260000217126e+00	0.00000000000000000000e+00	-1.46397547930786023985e+38	-7.93082070741749072131e+38
2.95309709570000222811e+00	0.00000000000000000000e+00	-1.13779327616997555123e+38	-1.43713228815867522074e+39
3.01592894880000228497e+00	0.00000000000000000000e+00	-8.83842048674353947343e+37	-1.82840445077067097393e+39
3.07876080190000234182e+00	0.00000000000000000000e+00	-6.88796450026032658219e+37	-1.89166401770513505054e+39
3.14159265500000239868e+00	0.00000000000000000000e+00	-5.50027168383886706810e+37	-1.69629338960580571592e+39
3.20442450810000245554e+00	0.00000000000000000000e+00	-4.46629345056016677135e+37	-1.34252446010127510021e+39
3.26725636120000251239e+00	0.00000000000000000000e+00	-3.81569343110389998406e+37	-8.93370553433951084961e+38
3.33008821430000256925e+00	0.00000000000000000000e+00	-2.99759332744632163693e+37	-4.05469631174999599290e+38
3.39292006740000262610e+00	0.00000000000000000000e+00	-2.67667157126080186802e+37	7.02553663127403195632e+37
3.45575192050000268296e+00	0.00000000000000000000e+00	-3.07310481677568417312e+37	5.10066365567600182486e+38
3.51858377360000229572e+00	0.00000000000000000000e+00	-4.23186807113309007403e+37	8.55896162470376826648e+38
3.58141562670000235258e+00	0.00000000000000000000e+00	-6.08142333113179738553e+37	1.04653690714173315583e+39
3.64424747980000240943e+00	0.00000000000000000000e+00	-8.51304240911258441150e+37	9.81847263348104399081e+38
3.70707933290000246629e+00	0.00000000000000000000e+00	-1.14112502257674621462e+38	5.83730005554701821608e+38
3.76991118600000252314e+00	0.00000000000000000000e+00	-1.46442944666632531258e+38	-8.86989210354138565825e+37
3.83274303910000258000e+00	0.00000000000000000000e+00	-1.81333456919573061685e+38	-7.87461506343213825346e+38
3.89557489220000263686e+00	0.00000000000000000000e+00	-2.17366646516730976804e+38	-1.27663040095051249544e+39
3.95840674530000269371e+00	0.00000000000000000000e+00	-2.52982331532161451228e+38	-1.48660055758222365127e+39
4.02123859840000275057e+00	0.00000000000000000000e+00	-2.72753829022475916509e+38	-1.45959183102181778824e+39
4.08407045150000236333e+00	0.00000000000000000000e+00	-2.81668718135886760817e+38	-1.27331422647888067153e+39
4.14690230460000197610e+00	0.00000000000000000000e+00	-2.88280380575595014574e+38	-9.94105659006523364722e+38
4.20973415770000247704e+00	0.00000000000000000000e+00	-2.95047597732618558762e+38	-6.63906736041445400724e+38
4.27256601080000297799e+00	0.00000000000000000000e+00	-3.03304461709842420741e+38	-3.11630173018410483787e+38
4.33539786390000347893e+00	0.00000000000000000000e+00	-3.13675887144773578142e+38	3.71224243296624952960e+37
4.39822971700000397988e+00	0.00000000000000000000e+00	-3.25482685176410918050e+38	3.62097498863303114540e+38
4.46106157010000448082e+00	0.00000000000000000000e+00	-3.36829039088462400922e+38	6.55870703358839468792e+38
4.52389342320000498177e+00	0.00000000000000000000e+00	-3.50040273806194582043e+38	9.09571285453063371456e+38
4.58672527630000548271e+00	0.00000000000000000000e+00	-3.66259211771912752125e+38	1.11343183483755148295e+39
4.64955712940000598365e+00	0.00000000000000000000e+00	-3.84012071625766972650e+38	1.25579624872746327794e+39
4.71238898250000559642e+00	0.00000000000000000000e+00	-4.01818265507793437505e+38	1.32336507162826141823e+39
4.77522083560000520919e+00	0.00000000000000000000e+00	-4.18265845938920122734e+38	1.30233255739017799160e+39
4.83805268870000571013e+00	0.00000000000000000000e+00	-4.31915433621027767154e+38	1.18179178272306969064e+39
4.90088454180000532290e+00	0.00000000000000000000e+00	-4.41283983296980438970e+38	9.57227573751669708580e+38
4.96371639490000493566e+00	0.00000000000000000000e+00	-4.44898709769611296188e+38	6.34060126500731970750e+38
5.02654824800000543661e+00	0.00000000000000000000e+00	-4.41434453617530545442e+38	2.27186888359742891156e+38
5.08938010110000593755e+00	0.00000000000000000000e+00	-4.29389740099971392848e+38	-2.32949678538928372714e+38
5.15221195420000555032e+00	0.00000000000000000000e+00	-4.08501326748742176257e+38	-7.09089880047460901275e+38
5.21504380730000605126e+00	0.00000000000000000000e+00	-3.79453675675893596161e+38	-1.15556679679359413130e+39
5.27787566040000655221e+00	0.00000000000000000000e+00	-3.42337608234589389768e+38	-1.52524754415486577803e+39
5.34070751350000616497e+00	0.00000000000000000000e+00	-2.96550044416014990211e+38	-1.77449148464311606734e+39
5.40353936660000666592e+00	0.00000000000000000000e+00	-2.40577887795496410084e+38	-1.87147115004634914158e+39
5.46637121970000716686e+00	0.00000000000000000000e+00	-1.74454863905401806002e+38	-1.81011992558869729204e+39
5.52920307280000766781e+00	0.00000000000000000000e+00	-9.85942173708564574790e+37	-1.61015076875135410471e+39
5.59203492590000728057e+00	0.00000000000000000000e+00	-1.55710871094727974830e+37	-1.30409809943817086862e+39
5.65486677900000689334e+00	0.00000000000000000000e+00	6.92721401802846652011e+37	-9.25078238728932524305e+38
5.71769863210000650611e+00	0.00000000000000000000e+00	1.45611715277478116129e+38	-5.07070853519323627937e+38
5.78053048520000611887e+00	0.00000000000000000000e+00	1.98137359243811065548e+38	-6.68029234081927841781e+37
5.84336233830000661982e+00	0.00000000000000000000e+00	2.50218161264475107542e+38	3.82675668227489479009e+38
5.90619419140000623258e+00	0.00000000000000000000e+00	2.85057503978409213029e+38	8.18907091278614664115e+38
5.96902604450000673353e+00	0.00000000000000000000e+00	3.03775307841334993803e+38	1.17974568074979901032e+39
6.03185789760000634629e+00	0.00000000000000000000e+00	3.17748650059735816335e+38	1.33130837762965634932e+39
6.09468975070000595906e+00	0.00000000000000000000e+00	3.26921081028056400085e+38	1.07656610162355618893e+39
6.15752160380000557183e+00	0.00000000000000000000e+00	3.25878550675654374597e+38	3.23137135723651558054e+38
6.22035345690000518459e+00	0.00000000000000000000e+00	3.18199548072800113918e+38	-6.70903271919768455558e+38
6.28318531000000568554e+00	0.00000000000000000000e+00	3.03472133537422786393e+38	-1.39813142913783486572e+39
6.34601716310000529830e+00	0.00000000000000000000e+00	2.79565651436976417929e+38	-1.58937364292429298349e+39
6.40884901620000491107e+00	0.00000000000000000000e+00	2.44040531774612325704e+38	-1.36402812393314435924e+39
6.47168086930000452384e+00	0.00000000000000000000e+00	1.95762183473439989302e+38	-9.34702390704726871877e+38
6.53451272240000413660e+00	0.00000000000000000000e+00	1.34772258611747541549e+38	-4.38483573887681994127e+38
6.59734457550000374937e+00	0.00000000000000000000e+00	6.22357376314823121256e+37	5.87196618365456073399e+37
6.66017642860000336213e+00	0.00000000000000000000e+00	-1.88471879892697818564e+37	5.12005328873326528658e+38
6.72300828170000297490e+00	0.00000000000000000000e+00	-1.03231683979777985851e+38	8.72789540922525399485e+38
6.78584013480000347585e+00	0.00000000000000000000e+00	-1.77496726284850492743e+38	1.07307732107925743932e+39
6.84867198790000397679e+00	0.00000000000000000000e+00	-2.41225337674674865791e+38	1.05059936260306364903e+39
6.91150384100000447773e+00	0.00000000000000000000e+00	-3.14837147035304078624e+38	7.75857212956508752754e+38
6.97433569410000409050e+00	0.00000000000000000000e+00	-3.42251414903486635147e+38	3.05043516451899926315e+38
7.03716754720000370327e+00	0.00000000000000000000e+00	-3.54665866580037130330e+38	-2.33894597427824847724e+38
7.09999940030000331603e+00	0.00000000000000000000e+00	-3.70542872077075894418e+38	-7.01419367928859051697e+38
7.16283125340000292880e+00	0.00000000000000000000e+00	-4.02505821035067918360e+38	-1.02723878931889517111e+39
7.22566310650000342974e+00	0.00000000000000000000e+00	-4.57172061894697125220e+38	-1.21055210008493654319e+39
7.28849495960000304251e+00	0.00000000000000000000e+00	-5.30946917364200562658e+38	-1.28490621403191408339e+39
7.35132681270000265528e+00	0.00000000000000000000e+00	-6.19298267038199732162e+38	-1.28650740931367891360e+39
7.41415866580000315622e+00	0.00000000000000000000e+00	-7.18681742821063281637e+38	-1.24380028707337877527e+39
7.47699051890000276899e+00	0.00000000000000000000e+00	-8.26098857184072992752e+38	-1.17620390126009166099e+39
7.53982237200000238175e+00	0.00000000000000000000e+00	-9.25404483923270387218e+38	-1.09323253164524971957e+39
7.60265422510000199452e+00	0.00000000000000000000e+00	-1.02300885041478951405e+39	-1.00133857878615895196e+39
7.66548607820000249546e+00	0.00000000000000000000e+00	-1.11602643410373280250e+39	-9.04304869847323477226e+38
7.72831793130000299641e+00	0.00000000000000000000e+00	-1.20007861789639864925e+39	-8.01408506363615111065e+38
7.79114978440000260917e+00	0.00000000000000000000e+00	-1.26970763509195472874e+39	-6.90793446629300628959e+38
7.85398163750000222194e+00	0.00000000000000000000e+00	-1.31861320866440520871e+39	-5.69796500188069209547e+38
7.91681349060000183471e+00	0.00000000000000000000e+00	-1.34024769948358259031e+39	-4.35376892421284128201e+38
7.97964534370000144747e+00	0.00000000000000000000e+00	-1.32900848134961866668e+39	-2.83162676301801822834e+38
8.04247719680000194842e+00	0.00000000000000000000e+00	-1.28067961135017403827e+39	-1.10897237311004568220e+38
8.10530904990000244936e+00	0.00000000000000000000e+00	-1.19218311125586968056e+39	8.21932718694186320647e+37
8.16814090300000117395e+00	0.00000000000000000000e+00	-1.06278864649292316942e+39	2.94734126451873286705e+38
8.23097275609999989854e+00	0.00000000000000000000e+00	-8.94899572270430457458e+38	5.21654377623169034644e+38
8.29380460919999862313e+00	0.00000000000000000000e+00	-6.95124822616847807118e+38	7.51560269243564393135e+38
8.35663646229999734771e+00	0.00000000000000000000e+00	-4.73611786703013763707e+38	9.62104846025170762852e+38
8.41946831539999607230e+00	0.00000000000000000000e+00	-2.43871950488752471516e+38	1.11312114357132934968e+39
8.48230016849999657325e+00	0.00000000000000000000e+00	-2.41005707765235543781e+37	1.12848955255954629608e+39
8.54513202159999707419e+00	0.00000000000000000000e+00	1.60480353290716300489e+38	9.08947017300998036981e+38
8.60796387469999579878e+00	0.00000000000000000000e+00	2.91633448840423945252e+38	3.80999338927939834819e+38
8.67079572779999629972e+00	0.00000000000000000000e+00	4.05540761262610427012e+38	-3.52345623474380564421e+38
8.73362758089999680067e+00	0.00000000000000000000e+00	4.76556756685139822772e+38	-9.76025816445848149444e+38
8.79645943399999730161e+00	0.00000000000000000000e+00	5.17245450686844164173e+38	-1.23764693920101921574e+39
8.85929128709999780256e+00	0.00000000000000000000e+00	5.46315467948075969308e+38	-1.13145766731345695761e+39
8.92212314019999830350e+00	0.00000000000000000000e+00	5.70734934116075757247e+38	-7.79526465297301862288e+38
8.98495499329999880445e+00	0.00000000000000000000e+00	5.90793714221649078491e+38	-2.99345396994457071628e+38
9.04778684639999930539e+00	0.00000000000000000000e+00	6.02326562192996753649e+38	2.13353601430382266836e+38
9.11061869949999980633e+00	0.00000000000000000000e+00	6.00599446755970172487e+38	6.81194504866210780867e+38
9.17345055260000030728e+00	0.00000000000000000000e+00	5.81429817801381546719e+38	9.98220934007473385822e+38
9.23628240570000080822e+00	0.00000000000000000000e+00	5.41600816952317705547e+38	9.79403328515518451815e+38
9.29911425880000308553e+00	0.00000000000000000000e+00	4.78888520995874970062e+38	4.59302235409505134398e+38
9.36194611190000358647e+00	0.00000000000000000000e+00	3.92488414946675417808e+38	-4.03139830225239874266e+38
9.42477796500000231106e+00	0.00000000000000000000e+00	2.83497901808148394781e+38	-1.09560120109951765911e+39
9.48760981810000103565e+00	0.00000000000000000000e+00	1.55451899494450962897e+38	-1.33056392837610696371e+39
9.55044167119999976023e+00	0.00000000000000000000e+00	1.59047287268015043245e+37	-1.21032346906058649385e+39
9.61327352429999848482e+00	0.00000000000000000000e+00	-1.20671423732828036061e+38	-9.14046010988249879118e+38
9.67610537739999720941e+00	0.00000000000000000000e+00	-2.27508295185353997090e+38	-5.54178236710354283893e+38
9.73893723049999771035e+00	0.00000000000000000000e+00	-3.02269063044453607042e+38	-1.94706356709382521186e+38
9.80176908359999821130e+00	0.00000000000000000000e+00	-3.72944702318088190903e+38	1.33573505429772658275e+38
9.86460093669999871224e+00	0.00000000000000000000e+00	-4.11625454957234199811e+38	4.11316966866170663679e+38
9.92743278979999921319e+00	0.00000000000000000000e+00	-4.56892846613797612040e+38	6.26280568365313004894e+38
9.99026464289999793777e+00	0.00000000000000000000e+00	-5.29628466641707779229e+38	7.67647125391444764814e+38
1.00530964959999984387e+01	0.00000000000000000000e+00	-6.37994793581976323842e+38	8.35129564795273651270e+38
1.01159283490999971633e+01	0.00000000000000000000e+00	-7.75084821254983238743e+38	8.34098097063071992996e+38
1.01787602021999958879e+01	0.00000000000000000000e+00	-9.32452592529193806619e+38	7.76410250371207345816e+38
1.02415920552999963888e+01	0.00000000000000000000e+00	-1.10454459933190853540e+39	6.78184127096555088935e+38
1.03044239083999968898e+01	0.00000000000000000000e+00	-1.28856225854015789629e+39	5.56075705245402313269e+38
1.03672557614999956144e+01	0.00000000000000000000e+00	-1.48178617912733547568e+39	4.24164967684128377709e+38
1.04300876145999961153e+01	0.00000000000000000000e+00	-1.68020420685679172347e+39	2.92855660185948372935e+38
1.04929194676999966163e+01	0.00000000000000000000e+00	-1.87804384908963361539e+39	1.69855874137780581059e+38
1.05557513207999971172e+01	0.00000000000000000000e+00	-2.06752976233476725009e+39	6.24020501597556694401e+37
1.06185831738999976182e+01	0.00000000000000000000e+00	-2.23836433629635872750e+39	-2.05911554381943471087e+37
1.06814150269999981191e+01	0.00000000000000000000e+00	-2.37772002888651181410e+39	-6.81605737231153524316e+37
1.07442468800999986200e+01	0.00000000000000000000e+00	-2.47031831683111771852e+39	-7.08194961497947329745e+37
1.08070787331999991210e+01	0.00000000000000000000e+00	-2.49901816930018850873e+39	-2.90560758279550064125e+37
1.08699105862999996219e+01	0.00000000000000000000e+00	-2.44663928301281167609e+39	3.56686219372585625613e+37
1.09327424394000018992e+01	0.00000000000000000000e+00	-2.29933304057007376379e+39	7.97399532667634365903e+37
1.09955742925000024002e+01	0.00000000000000000000e+00	-2.04966930369519426154e+39	5.40253298299935673057e+37
1.10584061456000029011e+01	0.00000000000000000000e+00	-1.70153740775866640317e+39	-6.66837967385219265609e+37
1.11212379987000034021e+01	0.00000000000000000000e+00	-1.27306988160587986367e+39	-2.61162307327350373651e+38
1.11840698518000039030e+01	0.00000000000000000000e+00	-7.93511390827948032886e+38	-4.61667388868321867619e+38
1.12469017049000026276e+01	0.00000000000000000000e+00	-3.02365800449161308035e+38	-5.84416674973009664283e+38
1.13097335580000013522e+01	0.00000000000000000000e+00	1.43534590418882453445e+38	-5.71697364853386878082e+38
1.13725654111000000768e+01	0.00000000000000000000e+00	4.72513415482354480632e+38	-4.12849659838131835407e+38
1.14353972642000005777e+01	0.00000000000000000000e+00	7.36786241603526386724e+38	-1.33181795792336961094e+38
1.14982291173000028550e+01	0.00000000000000000000e+00	9.56986075113046733252e+38	2.36331332955019609051e+38
1.15610609704000015796e+01	0.00000000000000000000e+00	1.14811771026119868392e+39	6.60075408465961369288e+38
1.16238928235000003042e+01	0.00000000000000000000e+00	1.33270194766710642583e+39	1.08509638788847095535e+39
1.16867246766000008051e+01	0.00000000000000000000e+00	1.50984552637122542850e+39	1.40624316692283657042e+39
1.17495565297000013061e+01	0.00000000000000000000e+00	1.67132352929855793650e+39	1.40576642395260832485e+39
1.18123883828000018070e+01	0.00000000000000000000e+00	1.80909894761621899014e+39	8.07832139371833881035e+38
1.18752202359000023080e+01	0.00000000000000000000e+00	1.91548276444662912448e+39	-2.11986884061281776215e+38
1.19380520890000010326e+01	0.00000000000000000000e+00	1.98208157032960842384e+39	-9.31887201345706785977e+38
1.20008839421000015335e+01	0.00000000000000000000e+00	2.00001069773003031183e+39	-1.00190413578195306558e+39
1.20637157952000020344e+01	0.00000000000000000000e+00	1.95963333896124856340e+39	-6.53792520813899896950e+38
1.21265476483000025354e+01	0.00000000000000000000e+00	1.85195814819923196089e+39	-1.42846145304015675809e+38
1.21893795014000030363e+01	0.00000000000000000000e+00	1.67084262390133430573e+39	4.01975852087797851052e+38
1.22522113545000017609e+01	0.00000000000000000000e+00	1.41449028049306235317e+39	8.90100719542503516354e+38
1.23150432076000004855e+01	0.00000000000000000000e+00	1.08743370866440011474e+39	1.22895064606674017605e+39
1.23778750607000009865e+01	0.00000000000000000000e+00	7.02638887199208345248e+38	1.28670730963813045501e+39
1.24407069137999997110e+01	0.00000000000000000000e+00	2.84556734221192977991e+38	9.56034278146036516460e+38
1.25035387669000002120e+01	0.00000000000000000000e+00	-1.15616908426508841556e+38	3.15906877225241239651e+38
1.25663706200000007129e+01	0.00000000000000000000e+00	-4.18668528337522969206e+38	-3.61613453470087349708e+38
