0	-5.69206140554889828e-19	-3.10344798591197119e-18	-4.10364953754231108e-19	-1.08683194508893298e-18	-1.22532103655351873e-18	-6.68074328797737587e-18	-8.83386131444733295e-19	-2.33960590133062306e-18	0
0	-5.5013783048340234e-19	-1.29333608817400423e-18	-4.40550172286087653e-19	-1.22577040027393848e-18	-7.3862621217040155e-07	5.55363626305166372e-07	-7.09304556991587314e-07	4.65088578318092709e-07	0.0628318531000000013
0	-4.30912103324871974e-10	-1.22547412417800977e-10	-4.05670409969810929e-10	4.11017596773451937e-11	-1.36575849187865692e-06	1.02308181067400749e-06	-1.31163521686440784e-06	8.59527327313364298e-07	0.125663706200000003
0	-1.88429711846844882e-09	-2.23731961634780222e-09	-1.76916378851645948e-09	-9.06613380449747505e-10	-1.79535550524946947e-06	1.33278696167908325e-06	-1.72436492377511845e-06	1.12612739248558467e-06	0.188495559300000004
0	-3.87194161601838427e-09	-1.23182882875011793e-08	-3.60931023509828863e-09	-6.77818858998978046e-09	-1.97713434138556733e-06	1.43665083348744395e-06	-1.89911005769321188e-06	1.22534984163093939e-06	0.251327412400000005
0	-4.05317325395246478e-09	-4.15985244394530292e-08	-3.67357471406421158e-09	-2.53966312220425243e-08	-1.89337989304469683e-06	1.30465174591047778e-06	-1.81871053660323055e-06	1.13229579333537172e-06	0.314159265500000007
0	1.41096951352700221e-09	-1.06360421707449328e-07	1.72093027126622878e-09	-6.84232093063867133e-08	-1.54998934250174745e-06	9.15839251510616087e-07	-1.48869556081515002e-06	8.30795118991315719e-07	0.376991118600000008
0	1.73367547906900189e-08	-2.27262981499572964e-07	1.72912878720283614e-08	-1.51022331187164817e-07	-9.66803701412366324e-07	2.49973883957318078e-07	-9.27829602528061889e-07	3.07410743259258752e-07	0.439822971700000009
0	5.02092882380472036e-08	-4.28281958854452562e-07	4.93946251686999616e-08	-2.91177519961028326e-07	-1.67906547333380886e-07	-7.17455482067377543e-07	-1.58949400247838582e-07	-4.52242320212786247e-07	0.502654824800000011
0	1.07059564895171895e-07	-7.35154994378496116e-07	1.04982097511436033e-07	-5.08663913037739404e-07	8.21071531744117942e-07	-2.01622584734532445e-06	7.93689865929461636e-07	-1.46453507794679817e-06	0.565486677900000068
0	1.94654752860653811e-07	-1.17713593520177187e-06	1.90847782182474236e-07	-8.26360752265116837e-07	1.97395019118652292e-06	-3.68738957280576881e-06	1.90544828919864526e-06	-2.75246877982856154e-06	0.628318531000000124
0	3.23797275263554291e-07	-1.78788921750553385e-06	3.17599660148178802e-07	-1.27088969537498802e-06	3.27463072572565177e-06	-5.78617007247600503e-06	3.16119096887515885e-06	-4.3480209518501153e-06	0.691150384100000181
0	5.08162675172224226e-07	-2.60860524911427807e-06	4.98526238087429751e-07	-1.87487348572865405e-06	4.71523651157192106e-06	-8.38898529274402026e-06	4.55349197210294817e-06	-6.2975461917775879e-06	0.753982237200000238
0	7.46985066691225938e-07	-3.69637456336845132e-06	7.32341809935501836e-07	-2.68280546040850607e-06	6.25894618713273541e-06	-1.16113246100437207e-05	6.04561767283401312e-06	-8.67476311056373828e-06	0.816814090300000295
0	1.0550821027699476e-06	-5.12030790224270373e-06	1.03332291036123945e-06	-3.74785428930302501e-06	7.90479559454572978e-06	-1.55987941220274364e-05	7.636588024938247e-06	-1.15742085491755972e-05	0.879645943400000352
0	1.47200406812118097e-06	-6.97071034661748116e-06	1.44031109042729127e-06	-5.13821747756613307e-06	9.70769364672430154e-06	-2.05456181706747243e-05	9.38089259166634066e-06	-1.51252220112076221e-05	0.942477796500000409
0	2.0168629217060661e-06	-9.35581265912776701e-06	1.97163621201796214e-06	-6.93512999716173942e-06	1.16816676525660207e-05	-2.66856797837443634e-05	1.12919479994728057e-05	-1.9487996167563408e-05	1.00530964960000047
0	2.70834137662790227e-06	-1.24052690948662669e-05	2.64510883954601382e-06	-9.2350500533858022e-06	1.38432609549968668e-05	-3.42973979482849887e-05	1.33854592121766901e-05	-2.48585852696942012e-05	1.06814150270000052
0	3.56791610951554074e-06	-1.62810960217064777e-05	3.48121446067337103e-06	-1.21565419738302e-05	1.62187421585516244e-05	-4.37241445350920892e-05	1.56865548845846595e-05	-3.14839989426166376e-05	1.13097335580000058
0	4.61962630766561673e-06	-2.11440055822687979e-05	4.50282889703449246e-06	-1.58172393281262743e-05	1.8843921958018968e-05	-5.52980997839540062e-05	1.82294668515829025e-05	-3.96126800283535196e-05	1.19380520890000064
0	5.88949848979905957e-06	-2.71569458271867016e-05	5.73450405661409148e-06	-2.03355923855427334e-05	2.17631652086292898e-05	-6.93445002750781779e-05	2.10562096674254974e-05	-4.94981826046263993e-05	1.25663706200000069
0	7.4013319311021586e-06	-3.44567610501335543e-05	7.19847842716143556e-06	-2.58086479740677578e-05	2.50205533175658389e-05	-8.61183850621181956e-05	2.42081782461951232e-05	-6.13505637619504262e-05	1.31946891510000075
0	9.09510847813034144e-06	-4.28918131552639484e-05	8.83926333505486899e-06	-3.21235482432084105e-05	2.84844725678778352e-05	-0.00010523468230124525	2.75639121413840985e-05	-7.49283606774055292e-05	1.38230076820000081
0	1.09634542220112879e-05	-5.24284899593797156e-05	1.0649402964349403e-05	-3.92507631853619923e-05	3.21410786317124993e-05	-0.00012654597498965256	3.11095269798598585e-05	-9.01713787105074536e-05	1.44513262130000086
0	1.29978071964964381e-05	-6.29908221506775393e-05	1.26201885233329236e-05	-4.71289353811146525e-05	3.59784960400938474e-05	-0.000149798945915793208	3.48326534777797903e-05	-0.000106951300521576049	1.50796447440000092
0	1.51984794133143831e-05	-7.44755525931291133e-05	1.47512953072414524e-05	-5.56778806986603031e-05	4.00082775618101384e-05	-0.000174672485006383427	3.87430029715850395e-05	-0.000125099175291388815	1.57079632750000098
0	1.75527955561696991e-05	-8.6713261614243623e-05	1.70293991379666447e-05	-6.47695250886843959e-05	4.42176664479555177e-05	-0.000200700938560333212	4.28256505375855897e-05	-0.000144342067808760717	1.63362818060000103
0	2.00534985380487975e-05	-9.94045579081341866e-05	1.94469061718541808e-05	-7.41856664025653819e-05	4.86091385615496123e-05	-0.00022714404091447933	4.70812849115296363e-05	-0.000164211101506830113	1.69646003370000109
0	2.26795246148064956e-05	-0.000112258287931079893	2.19828240433050893e-05	-8.37067705567817402e-05	5.31581302772089984e-05	-0.000253295883096706933	5.14841735802673035e-05	-0.000184234402775201969	1.75929188680000115
0	2.54051932897550731e-05	-0.000124940407973346844	2.46120969201958281e-05	-9.30828902464085069e-05	5.7832367977393854e-05	-0.000278383416907421178	5.60018623312519319e-05	-0.000203874512408712568	1.8221237399000012
0	2.81968706370759283e-05	-0.000137090846279693489	2.73022369924735689e-05	-0.00010204325912387287	6.25839700349516088e-05	-0.000301611738027890289	6.05872852196592118e-05	-0.000222549944861936332	1.88495559300000126
0	3.10247137753137157e-05	-0.000148513186192106999	3.00249921300110188e-05	-0.000110422002963538995	6.73742979267931354e-05	-0.000322583572646988732	6.52035428431365635e-05	-0.000239909088175580427	1.94778744610000132
0	3.38456162836116186e-05	-0.000158691703467905295	3.27393939479381335e-05	-0.000117850398792892052	7.21362727572701003e-05	-0.000340255105677783718	6.97865434176814985e-05	-0.000255161994137732048	2.01061929920000138
0	3.66140205729286066e-05	-0.000167194566325265016	3.54018916285027559e-05	-0.000124018408271838663	7.67972021480293305e-05	-0.000353814806198063858	7.42664537982031946e-05	-0.000267649375446443044	2.07345115230000143
0	3.92793758028998612e-05	-0.00017368198576165429	3.79637745873689795e-05	-0.000128681084336134305	8.12726685385581349e-05	-0.000362700171633047381	7.85615994888555253e-05	-0.000276856731935326171	2.13628300540000149
0	4.17671158201691784e-05	-0.000177848669006643495	4.03536926413680869e-05	-0.000131618229699170857	8.54248761416367264e-05	-0.000366467509698329807	8.25402153180628781e-05	-0.000282326406831001078	2.19911485850000155
0	4.39643504955706852e-05	-0.000179417142560110059	4.24643015751373655e-05	-0.000132632623114180737	8.9031594044900207e-05	-0.000364767486194847999	8.59914662861927193e-05	-0.000283653122365517759	2.2619467116000016
0	4.57937299406520982e-05	-0.000178314934702982576	4.42209904705320351e-05	-0.000131678696466864929	9.19460049346834028e-05	-0.000357715332490838071	8.87741754362878936e-05	-0.000280762213697681993	2.32477856470000166
0	4.71821186891822989e-05	-0.000174873531167236664	4.55529384022173079e-05	-0.000128998729718882149	9.4028690845826619e-05	-0.000346299360280407124	9.07539385761845359e-05	-0.000274202913329280669	2.38761041780000172
0	4.80679184492552878e-05	-0.000169341415788912405	4.64000164973393388e-05	-0.000124781356860007362	9.51633998998101759e-05	-0.000331304382474557273	9.18179086289518695e-05	-0.000264405632453607281	2.45044227090000177
0	4.83850461719859243e-05	-0.000161761730934706897	4.66971419004712218e-05	-0.000119070927851890816	9.52223186212560651e-05	-0.000313025120192071714	9.18408057235292928e-05	-0.000251485575528749951	2.51327412400000183
1	4.80667037660611579e-05	-0.000152269071529104785	4.63783691912125428e-05	-0.00011197856355794451	9.40738728261022252e-05	-0.000291884419291898957	9.06933893062759037e-05	-0.000235699906793926535	2.57610597710000189
1	4.70849532533139091e-05	-0.000141080603717610542	4.54157522956858341e-05	-0.00010367203897835126	9.1668519619657351e-05	-0.000268395420971473712	8.83265576303721698e-05	-0.00021742533498330497	2.63893783020000194
1	4.54498350430436145e-05	-0.000128488826751323848	4.38180559237019482e-05	-9.43714707438466488e-05	8.80365037674151889e-05	-0.000243135169935359603	8.47681126404454182e-05	-0.000197148272887081493	2.701769683300002
1	4.31589483190701511e-05	-0.000114846132005860254	4.15824630789364327e-05	-8.4340059966850586e-05	8.31775692448429472e-05	-0.00021671099390862896	8.00173770680272093e-05	-0.0001754443464955256	2.76460153640000206
1	4.02151991410720615e-05	-0.000100552355355244358	3.87109725158030706e-05	-7.38752854991498272e-05	7.70994159767254383e-05	-0.000189744211180342302	7.40806164661930841e-05	-0.000152958858510613045	2.82743338950000211
1	3.66528995126089643e-05	-8.6038135667835329e-05	3.52364156691226566e-05	-6.32968248605964918e-05	6.98737595790420121e-05	-0.000162856205322062101	6.70268701351052634e-05	-0.000130380302315741243	2.89026524260000217
1	3.20379099579201428e-05	-7.12509440452063037e-05	3.0756040527124525e-05	-5.25775072539888552e-05	6.05558787790019991e-05	-0.00013559917365634904	5.79799867859051126e-05	-0.000107646790300924236	2.95309709570000223
1	2.66208443320051767e-05	-5.79117169132951966e-05	2.55083261153295248e-05	-4.29747837126516453e-05	4.9676989260326234e-05	-0.000111332250011819838	4.74452138467509394e-05	-8.74500875424933261e-05	3.01592894880000228
1	2.09348762687938401e-05	-4.61379069280362536e-05	1.9995063259922407e-05	-3.46130798074968017e-05	3.83747493473235403e-05	-8.99885807518088456e-05	3.64927675279419009e-05	-7.00417725542017524e-05	3.07876080190000234
1	1.53312138316203277e-05	-3.61999386338489196e-05	1.45490372839329202e-05	-2.7697313023502683e-05	2.73891317455459249e-05	-7.19153628194358502e-05	2.58230018734343571e-05	-5.58437438666410684e-05	3.1415926550000024
1	9.93526804364789444e-06	-2.75662048760621128e-05	9.2905643728881695e-06	-2.18607159782075459e-05	1.69702500018022107e-05	-5.58472439221967406e-05	1.56751810886542934e-05	-4.40506370250786695e-05	3.20442450810000246
1	-5.93649998868120189e-06	-9.6446642395948896e-06	-2.93611888153197049e-06	-1.00114673630463192e-05	-1.64136475383347848e-05	-1.84650807175763372e-05	-9.46311186149039291e-06	-1.92902547198308059e-05	3.26725636120000251
1	-2.13809289227785387e-06	-1.08531153545576568e-05	-1.84747361979296007e-06	-1.11719093438964186e-05	-6.99077373207468041e-06	-2.19795707491480479e-05	-5.77486430789290972e-06	-2.26845071689487701e-05	3.33008821430000257
1	2.00343377570981707e-07	-1.21537569151812948e-05	-1.75385517644293987e-06	-1.24210979518624213e-05	-1.59445797138525266e-07	-2.57249763440142623e-05	-4.17172028297956385e-06	-2.630224157607927e-05	3.39292006740000263
1	2.56363516069644528e-07	-1.34187539616882714e-05	-3.1979718021557644e-06	-1.36348872112227967e-05	1.95677097636262985e-06	-2.94103249500835797e-05	-5.83784428754524153e-06	-2.98609468105189525e-05	3.45575192050000268
1	-2.26127024016000526e-06	-1.4500391937987067e-05	-6.36093742212954433e-06	-1.46701390374060765e-05	-1.70198035727743905e-06	-3.27023084113964169e-05	-1.11866372489535696e-05	-3.30376064256509696e-05	3.5185837736000023
1	-7.22175806049467566e-06	-1.53056106186675473e-05	-1.11340310355557532e-05	-1.54364503695078574e-05	-1.13372177036337374e-05	-3.53852507536747357e-05	-2.00143889045421372e-05	-3.56225889798544631e-05	3.58141562670000235
1	-1.87662284485962484e-05	-1.1352036876223052e-05	-1.89478545485125051e-05	-1.42349503671470205e-05	-3.51935612953525431e-05	-2.89585955196801077e-05	-3.56821308891704821e-05	-3.36964644018875888e-05	3.64424747980000241
1	-2.17637706591796585e-05	-1.74087548329956251e-05	-2.19128631737308827e-05	-1.86717702455643222e-05	-4.04063975924820012e-05	-4.59527475309206917e-05	-4.08511351683571105e-05	-4.40089578137924613e-05	3.70707933290000247
1	-2.45367528258791742e-05	-2.47416623831274558e-05	-2.46510750627978234e-05	-2.37991223921790675e-05	-4.52453922759696873e-05	-6.7565828156025928e-05	-4.56401087317684113e-05	-5.57618485834879461e-05	3.76991118600000252
1	-2.68740158686024565e-05	-3.33191031402904611e-05	-2.69628086652502855e-05	-2.9581249655506768e-05	-4.92831700214057701e-05	-9.39243845702947484e-05	-4.96452693032058712e-05	-6.8873801763342325e-05	3.83274303910000258
1	-2.86546458291233485e-05	-4.28201905891306795e-05	-2.87362245003574053e-05	-3.57829747997988004e-05	-5.22817551268033682e-05	-0.000124374922029892661	-5.26471269767001429e-05	-8.28377475608922784e-05	3.89557489220000264
1	-2.9849434234713906e-05	-5.2784486617526542e-05	-2.99469826613472762e-05	-4.210987560547149e-05	-5.41942417061072536e-05	-0.000157772333546763756	-5.46086210820289221e-05	-9.70195624683419905e-05	3.95840674530000269
1	-3.05025386660259726e-05	-5.83286750452363513e-05	-3.0639353484893953e-05	-4.50335615886622047e-05	-5.51258196761484127e-05	-0.000183274317625211621	-5.56349286712307388e-05	-0.000103820239895418572	4.02123859840000275
1	-3.07646191551589588e-05	-6.0864702856538926e-05	-3.09559245528360618e-05	-4.56099529955056738e-05	-5.54043976302929974e-05	-0.000203323640417137254	-5.60367739079070144e-05	-0.000105491596203178092	4.08407045150000236
1	-3.06863418273608748e-05	-6.30244040948878801e-05	-3.09460188063222406e-05	-4.57695573706121361e-05	-5.51404379320696945e-05	-0.000222809041852172336	-5.59221112089079857e-05	-0.00010618482481167195	4.14690230460000198
1	-3.02667266298312199e-05	-6.55782352371543962e-05	-3.06120946604607081e-05	-4.61085634625571367e-05	-5.43313432788878852e-05	-0.000242491493555397621	-5.5296025953523253e-05	-0.000107186411821411811	4.20973415770000248
1	-2.94838466741316317e-05	-6.89658837710820473e-05	-2.99379933933848837e-05	-4.69661884930094807e-05	-5.29269252977436665e-05	-0.000262348707196357115	-5.41209538692201728e-05	-0.000109229072398825061	4.27256601080000298
1	-2.82725854590186127e-05	-7.34490271751223354e-05	-2.88676735324324297e-05	-4.85224859756451296e-05	-5.07808910690668317e-05	-0.000281978220566194272	-5.22703998123411314e-05	-0.000112696774972640727	4.33539786390000348
1	-2.64639098010602277e-05	-7.89856982488086026e-05	-2.72492408649273341e-05	-5.07230792907974678e-05	-4.7519029027776734e-05	-0.000300400848981908412	-4.9407491909652839e-05	-0.000117458394255997748	4.39822971700000398
1	-2.42201985477416313e-05	-8.48064242798156272e-05	-2.52359189315638701e-05	-5.31400135662003916e-05	-4.34778424265794334e-05	-0.000315159512543764398	-4.58496981946497742e-05	-0.000122568967723284247	4.46106157010000448
1	-2.30809186008804671e-05	-9.00739654741132984e-05	-2.42411202361269669e-05	-5.51652036967590701e-05	-4.19704195421119816e-05	-0.000323773987380482678	-4.46390180725254884e-05	-0.000126675917896450365	4.52389342320000498
1	-2.26466517040367575e-05	-9.55497772257241448e-05	-2.38910333809964013e-05	-5.73296926662236536e-05	-4.21284915830560613e-05	-0.000327527711840087834	-4.49621340055899235e-05	-0.000130900141112576279	4.58672527630000548
1	-2.25554221916210494e-05	-0.000101133377020452071	-2.38506088005978965e-05	-5.95636118844319288e-05	-4.31606397039946643e-05	-0.000326082573082592719	-4.60852589351754897e-05	-0.000135063969776900674	4.64955712940000598
1	-2.26351291659646021e-05	-0.00010653002320775783	-2.39605150289186431e-05	-6.16491361408844871e-05	-4.46821930355666608e-05	-0.000318907265123481655	-4.76510740848144838e-05	-0.000138677333103812519	4.7123889825000056
1	-2.27958746762351082e-05	-0.000111385891966841525	-2.41360403831550387e-05	-6.33169882687102361e-05	-4.64840097224993059e-05	-0.000305558454349727211	-4.94615970319542427e-05	-0.000141152109340190974	4.77522083560000521
1	-2.29906406750577973e-05	-0.000115298341342510985	-2.43318994560580468e-05	-6.42605346077354523e-05	-4.8448353653855652e-05	-0.000285685665209635029	-5.14029666384656082e-05	-0.00014183611555088806	4.83805268870000571
1	-2.31956412809138902e-05	-0.000117829933874256761	-2.45247424079083914e-05	-6.41511347657527459e-05	-5.05071154063967018e-05	-0.000259046302898300815	-5.34083061177690398e-05	-0.000140047752415770066	4.90088454180000532
1	-2.33993414329198982e-05	-0.000118534723140357356	-2.47033155462201893e-05	-6.26657530952311117e-05	-5.26185994100113348e-05	-0.000225556726447916382	-5.54369582730078022e-05	-0.00013513504092882298	4.96371639490000494
1	-2.35971257785147477e-05	-0.000117005070431946647	-2.48635585174317992e-05	-5.9533469566924224e-05	-5.47562429845532093e-05	-0.000185405187529074251	-5.74641078828201673e-05	-0.00012657373079427161	5.02654824800000544
2	-2.37919770649532772e-05	-0.000112768067612929905	-2.50092759830663737e-05	-5.4471554474459552e-05	-5.6909802007891522e-05	-0.000138861930332125923	-5.94819414237163016e-05	-0.00011382294942339374	5.08938010110000594
2	-2.39988812374183575e-05	-0.000105723964709037796	-2.51560202187724242e-05	-4.75135088894068549e-05	-5.90936201491411238e-05	-8.73086697020195328e-05	-6.15067415461023045e-05	-9.70346104267699017e-05	5.15221195420000555
2	-2.42396375786218184e-05	-9.60608269896089665e-05	-2.53264131487341177e-05	-3.89377504655870772e-05	-6.13321761546710518e-05	-3.31546665731815202e-05	-6.35655265228878084e-05	-7.68909012119944662e-05	5.21504380730000605
2	-2.45416504977726765e-05	-8.37746909134282232e-05	-2.55491004904609695e-05	-2.88868719856308039e-05	-6.3652237242815528e-05	2.11092757588007807e-05	-6.56886260795090763e-05	-5.37689194460536332e-05	5.27787566040000655
2	-2.49328490010902807e-05	-6.8645938172300498e-05	-2.58530874301835912e-05	-1.73045548908174164e-05	-6.60659464249420094e-05	7.29428187207634197e-05	-6.78915455683645644e-05	-2.75994777339091656e-05	5.34070751350000616
2	-2.54633376133828578e-05	-5.01526784231115427e-05	-2.62885747068270494e-05	-3.82053472679130164e-06	-6.86143946170380523e-05	0.00012017688971554841	-7.02167514729931327e-05	2.38491959034160028e-06	5.40353936660000667
2	-2.61948281191644527e-05	-2.82514697243173353e-05	-2.69156981676814561e-05	1.16971128051944796e-05	-7.1348558522788669e-05	0.000159959666402956382	-7.27127731269776306e-05	3.64527038799993127e-05	5.46637121970000717
2	-2.71949693190034447e-05	-3.02072904835368164e-06	-2.78003798204665092e-05	2.93738192609402988e-05	-7.4329764396757357e-05	0.000190557034731239693	-7.54378677883300349e-05	7.48733711961484575e-05	5.52920307280000767
2	-2.8556422026168402e-05	2.48047211624172639e-05	-2.90318340072130566e-05	4.88695536659121584e-05	-7.76894554468332636e-05	0.0002111658391024656	-7.85161272325425542e-05	0.00011691143808258241	5.59203492590000728
2	-3.05183551138493047e-05	5.37746805275134888e-05	-3.08363516593272285e-05	6.92431980646399938e-05	-8.19061146250256423e-05	0.000222187466522384057	-8.23976206870341901e-05	0.000160522989648372467	5.65486677900000689
2	-3.48918044723694728e-05	8.2483405163026423e-05	-3.4909851951803952e-05	8.94328420201668281e-05	-9.09033337910007601e-05	0.000226397980478238104	-9.07537737332997916e-05	0.000203386305056366107	5.71769863210000651
2	-2.91403838658705973e-05	9.35720247935840064e-05	-2.7639344596055674e-05	9.24082065996197907e-05	-9.6657358487252124e-05	0.000212533957553381685	-7.53347164910356579e-05	0.000209920034680428122	5.78053048520000612
2	-1.08427636480754563e-05	9.19394576986015959e-05	-1.63746270436090555e-05	9.0822576316824198e-05	-0.000103924431456373195	0.000207934837393521825	-5.01023737257478947e-05	0.000205430931687975918	5.84336233830000662
2	3.18292415341061775e-06	8.91232443845507569e-05	-8.22331762115829603e-06	8.80951589890420814e-05	-0.000106936667221131461	0.00020053468684099585	-3.12508413721015953e-05	0.00019823463842785736	5.90619419140000623
2	1.33974284283791659e-05	8.50120610120752801e-05	-2.71797527770484964e-06	8.41093963786613294e-05	-0.000101814576662530456	0.000190150952425347642	-1.77797865019400698e-05	0.000188134725982438673	5.96902604450000673
2	2.36672601943403766e-05	7.9315704216784518e-05	2.93964073474881264e-06	7.8581247140257029e-05	-7.94136509752421834e-05	0.000176215219411785093	-3.73127463872568899e-06	0.000174574189252057587	6.03185789760000635
2	3.44728594759498267e-05	7.15442510506980437e-05	9.15212359035624621e-06	7.10411046099499745e-05	-3.96312857406678896e-05	0.000157733661339709303	1.17384553219197232e-05	0.00015660214430907103	6.09468975070000596
2	4.28829685325113197e-05	6.29078978555963755e-05	1.3994767748059231e-05	6.26503909193224439e-05	8.97996692790145183e-06	0.000137334493191205916	2.45238176994919649e-05	0.000136743601651242677	6.15752160380000557
2	4.93676486539313254e-05	5.40637841688669196e-05	1.77102204875100838e-05	5.40326778748484037e-05	6.39362321775114348e-05	0.000116448843541790991	3.51057778003488846e-05	0.000116360594782672649	6.22035345690000518
2	5.40515172196520915e-05	4.47750557100265822e-05	2.03356047861140157e-05	4.49533667903431286e-05	0.000121121993610937527	9.46100085649789437e-05	4.34831992170078705e-05	9.49915841710886714e-05	6.28318531000000569
2	5.59172475799156007e-05	3.53971682584210986e-05	2.10844296395624999e-05	3.57527608433541797e-05	0.000173384542956549952	7.26154772833388228e-05	4.78775381981183171e-05	7.34004533977619975e-05	6.3460171631000053
2	5.38203330025451517e-05	2.63138426795901159e-05	1.90852054284264883e-05	2.6813716690504075e-05	0.000212892731076330964	5.13221166454577319e-05	4.63197121506349325e-05	5.24400252204893451e-05	6.40884901620000491
2	4.68528957920813117e-05	1.80745010455322533e-05	1.36473528588905644e-05	1.86788259115495934e-05	0.000232130704114400074	3.19335742025950522e-05	3.72372572891034435e-05	3.32971945873575218e-05	6.47168086930000452
2	3.45168256391313765e-05	1.11838887448581702e-05	4.39064497782698954e-06	1.18463423237974179e-05	0.000224585578970111103	1.55529465796555394e-05	1.97482356260211643e-05	1.70595781576333515e-05	6.53451272240000414
2	1.68863574348948846e-05	5.92602782103661947e-06	-8.62300134445716917e-06	6.59756266808918224e-06	0.000185566316971264169	2.81024473335765645e-06	-6.05191799796956345e-06	4.35051904847282878e-06	6.59734457550000375
2	-5.21455038011365998e-06	2.41039327288385388e-06	-2.47566051213736513e-05	3.04305976275651908e-06	0.000113217751428941514	-6.03757171938822402e-06	-3.88180736720600161e-05	-4.57081333109069235e-06	6.66017642860000336
2	-3.07058283110914676e-05	1.18456858229907422e-06	-4.31379882948675577e-05	1.71602964947815967e-06	8.20958975116885678e-06	-9.80615125600956091e-06	-7.67074965007544598e-05	-8.54998543949004297e-06	6.72300828170000297
2	-8.0487129298175794e-05	2.73204456156365259e-05	-7.86785901107930837e-05	2.11019594687603557e-05	-0.000156433182788848332	2.84983091379083335e-05	-0.000152774214735288739	3.30523915729591378e-05	6.78584013480000348
2	-7.7275946984881348e-05	3.67199558342635056e-06	-7.56027849802207435e-05	5.50682998715965722e-06	-0.000148910130368618931	-0.000118049586985840882	-0.000145559969531142456	-1.09485568661058504e-06	6.84867198790000398
2	-7.19821843045750226e-05	-2.52464074576584322e-05	-7.05781367225099285e-05	-1.31286763686657095e-05	-0.000137267935740888311	-0.000287874324848906809	-0.000134504875607877923	-4.19286442955224607e-05	6.91150384100000448
2	-6.50598009666133082e-05	-4.1362325390630857e-05	-6.40532707630026135e-05	-2.19261683903204894e-05	-0.000122483223572134655	-0.000433529356139912255	-0.00012057230881904111	-6.19057396318080681e-05	6.97433569410000409
2	-5.6637887730002362e-05	-5.43096283192208079e-05	-5.61752130461646163e-05	-2.81405376018893919e-05	-0.000104793027977844865	-0.000565960480955983816	-0.000104042239433972192	-7.67800194427671324e-05	7.0371675472000037
2	-4.69061973530583216e-05	-6.96420260524027024e-05	-4.71449142715656152e-05	-3.64431866058178712e-05	-8.45561828874878094e-05	-0.000687393596076965574	-8.53027807804360909e-05	-9.67987660258111735e-05	7.09999940030000332
2	-3.99818671143853627e-05	-8.71255573649415844e-05	-4.0757952200275635e-05	-4.67880739100145154e-05	-7.05606007567446866e-05	-0.000788716574115156852	-7.24612330413705802e-05	-0.000121779369749809113	7.16283125340000293
2	-3.5245203626087304e-05	-0.000109468068685219516	-3.64258244505404077e-05	-6.10881123916291339e-05	-6.15101760782171776e-05	-0.000870153856074320727	-6.42852520156486369e-05	-0.000155543300793269671	7.22566310650000343
2	-3.19936720821965601e-05	-0.000136259945069194951	-3.34973691676841487e-05	-7.89704280525913764e-05	-5.59207318497486903e-05	-0.000928323355560723871	-5.93959328275894135e-05	-0.000196774222107667419	7.28849495960000304
2	-2.98304234727783287e-05	-0.00016648887173367061	-3.16047975747322355e-05	-9.96118801694427877e-05	-5.2944576427556918e-05	-0.000961310611928824828	-5.70042939176385033e-05	-0.000243104026659646748	7.35132681270000266
2	-2.86090845773347496e-05	-0.000199198015457308244	-3.06117107660275521e-05	-0.000122243811263093746	-5.22585196066654474e-05	-0.000969492839907949038	-5.68058925638587224e-05	-0.00029234502203377092	7.41415866580000316
2	-2.824586606814333e-05	-0.000233538639623971585	-3.04345107195148836e-05	-0.000146189963821690663	-5.36590848783443999e-05	-0.000954966775510267458	-5.85958097271838062e-05	-0.000342687211528078955	7.47699051890000277
2	-2.86467278111953138e-05	-0.00026455598705406487	-3.09786822143368688e-05	-0.000167750523707229504	-5.69078758279486404e-05	-0.000911732512998838888	-6.21333163424918572e-05	-0.000385915237025905868	7.53982237200000238
3	-2.9732664274939721e-05	-0.0002943451679527453	-3.21620767953519868e-05	-0.000188419282321019535	-6.17871899057646941e-05	-0.000849505626024641162	-6.71939594557442971e-05	-0.00042548768891867791	7.60265422510000199
3	-3.1403554412947257e-05	-0.000322109710191355162	-3.38847123045989471e-05	-0.000207574937283779156	-6.80244365254930645e-05	-0.000771920042913838765	-7.35062445797108921e-05	-0.000460464882571772068	7.6654860782000025
3	-3.35662991297306799e-05	-0.000346577494882293279	-3.6053135668286042e-05	-0.000224246838209854547	-7.53556901997687025e-05	-0.000681650309102196971	-8.08069934611504065e-05	-0.000489317391102486623	7.728317931300003
3	-3.61112070960199191e-05	-0.00036615281207824608	-3.85599633108974147e-05	-0.00023722605529602459	-8.3476761376675938e-05	-0.000580786763853209328	-8.87991927983420578e-05	-0.000510085678269352975	7.79114978440000261
3	-3.89078755880078179e-05	-0.00037899289364179997	-4.12802293309749097e-05	-0.000245135335824466004	-9.20374070794387206e-05	-0.000471115011966636102	-9.71469797676562558e-05	-0.000520440504268172084	7.85398163750000222
3	-4.18324192513540945e-05	-0.000383165733786507178	-4.4094807454303393e-05	-0.000246556650069393269	-0.000100704788472192705	-0.000354567385365737499	-0.000105530400870184474	-0.000517871571616990221	7.91681349060000183
3	-4.47595196364535458e-05	-0.000377028530946061703	-4.68845905958633729e-05	-0.000240348995092675615	-0.000109148791567531363	-0.000234069819771217161	-0.000113635169602838615	-0.000500304940549047526	7.97964534370000145
3	-4.75688030975015213e-05	-0.00035936172514459589	-4.9536080944124072e-05	-0.000225724611910169218	-0.000117058449327414675	-0.000113675849718194717	-0.000121167165767389047	-0.00046620982584056963	8.04247719680000195
3	-5.01884033658512671e-05	-0.000329250913754626767	-5.19829331926708138e-05	-0.000202119039184032139	-0.00012423947707380055	2.11913514437643729e-06	-0.000127945402340430146	-0.00041428902149106677	8.10530904990000245
3	-5.25804773095311275e-05	-0.000286482709026648929	-5.41912331509021933e-05	-0.000169492572893587424	-0.000130582946517723402	0.000108273293709445123	-0.000133870113726504631	-0.000344160710153189006	8.16814090300000117
3	-5.46964535076041773e-05	-0.000231840650962015712	-5.61160830490918847e-05	-0.000128527644596945832	-0.000135967086883619678	0.000199600945552652045	-0.000138827527041571577	-0.000256873764220060408	8.2309727560999999
3	-5.65023691002308908e-05	-0.000167418307783936293	-5.77262861125311442e-05	-8.08706646505060633e-05	-0.000140312397931733159	0.00027121589601133663	-0.000142743655286410608	-0.000155548918604910788	8.29380460919999862
3	-5.80164888675176697e-05	-9.63785985096406563e-05	-5.90398122038510991e-05	-2.88864175020218537e-05	-0.000143662771608784294	0.000319964038140173204	-0.000145660851061387255	-4.4966226823936989e-05	8.35663646229999735
3	-5.93585698569432121e-05	-2.28470502089483271e-05	-6.01708079405118243e-05	2.43900860758370693e-05	-0.000146290247175158308	0.000344971880611561496	-0.000147837844464496785	6.84563758672404994e-05	8.41946831539999607
3	-6.08419025335252264e-05	4.77731889523826692e-05	-6.14170326008188933e-05	7.49897476501806403e-05	-0.000148891524477446724	0.000346428675651210406	-0.00014993639694110307	0.000176094583911237706	8.48230016849999657
3	-6.3317116254565196e-05	0.000108427145949218609	-6.35833226394045501e-05	0.000117643830044307564	-0.000153329767715630199	0.000323421297961664625	-0.000153718873968293522	0.000266436265276413081	8.54513202159999707
3	-2.33802603592801963e-05	0.000110064601949960873	-2.81816452347150738e-05	0.000108511723835398092	-0.000131076904740692863	0.000250085711703744266	-7.80806699483645774e-05	0.000246613203896021017	8.6079638746999958
3	2.56410995314841328e-05	9.73470216725804121e-05	4.50370598339791656e-06	9.60514025987118476e-05	-0.00013948025730393208	0.000221167866361211428	-7.19238594428894559e-06	0.000218268459892400425	8.6707957277999963
3	6.47666473261663801e-05	8.11244718317234091e-05	2.98214396236766327e-05	8.02666913779407043e-05	-0.000135717978634387356	0.000184638936053382636	4.78712673871906457e-05	0.000182704716073849878	8.7336275808999968
3	9.39696707700686475e-05	6.52544029374558171e-05	4.85128599987894661e-05	6.48702927362611288e-05	-0.000115590720114315654	0.000148891811541470697	8.87839150596683447e-05	0.000147993715483842546	8.7964594339999973
3	0.000116388536279406026	5.2437634112527589e-05	6.27269899656929941e-05	5.24328680963702146e-05	-7.17467108064149758e-05	0.000119714920917849871	0.000120357744390775067	0.000119642758452551975	8.8592912870999978
3	0.000134476769868988185	4.24235141545087533e-05	7.41146556424480908e-05	4.26978154955880176e-05	-1.72490788705799393e-06	9.65206139230820938e-05	0.000146333568432722343	9.7055206312367755e-05	8.9221231401999983
3	0.000149035372088138321	3.45219590726294367e-05	8.31903240886875761e-05	3.49954470400875035e-05	9.08520103903168793e-05	7.78009449964520828e-05	0.000167957325223021492	7.87701494236163767e-05	8.9849549932999988
3	0.000159376240476260053	2.81331236938782769e-05	8.94129536447189286e-05	2.87492943941058596e-05	0.000197482634241462508	6.22660391946422859e-05	0.000184111965350371702	6.35496576586556944e-05	9.04778684639999931
3	0.00016438704359446774	2.28986588114943721e-05	9.19448311742681104e-05	2.36163464544153499e-05	0.000307680514277941367	4.9158860513566869e-05	0.000192910159050710802	5.06702168175169986e-05	9.11061869949999981
3	0.000162922773285821955	1.86597830496985746e-05	8.99371527730078162e-05	1.94444911877556256e-05	0.000410164478697324806	3.8157729916627866e-05	0.000192321462420446299	3.9824433112122498e-05	9.17345055260000031
3	0.000154004920681847585	1.538852634517743e-05	8.26763420895631985e-05	1.62079197307049725e-05	0.000493457628643106092	2.92257711652015397e-05	0.000180537029242772601	3.09797382808641396e-05	9.23628240570000081
3	0.000136919918256238972	1.30986312942303774e-05	6.96483243724289088e-05	1.39215711898430598e-05	0.000546215623951078156	2.24204095645102248e-05	0.00015617767072511246	2.41955964290857847e-05	9.29911425880000309
3	0.000111380690334959574	1.18177014666539183e-05	5.06592969399456789e-05	1.26146727167552546e-05	0.00055777685481513779	1.78337107563637376e-05	0.000118619211390814084	1.95668878685605692e-05	9.36194611190000359
3	7.7695225243484516e-05	1.15708900563611901e-05	2.59534363937832825e-05	1.23141830628772715e-05	0.000518966746765764614	1.5557031386597284e-05	6.8289594964579268e-05	1.71881221651525892e-05	9.42477796500000231
3	3.69273958108847739e-05	1.23898373935601276e-05	-3.66703877745524014e-06	1.3053700057671912e-05	0.000423253702092159646	1.56983731988007755e-05	6.93046447604911972e-06	1.71708412117397008e-05	9.48760981810000104
3	-8.64844695470329562e-06	1.4356032776915257e-05	-3.6519872068944063e-05	1.49151806600920925e-05	0.000268949655724705209	1.84722006744776508e-05	-6.17631474793306528e-05	1.97300759156435589e-05	9.55044167119999976
3	-5.47854147337058722e-05	1.77472788475937662e-05	-6.94714718372672142e-05	1.81707695563582609e-05	6.2407901721455236e-05	2.45083788700711123e-05	-0.000131009598747280806	2.54835350453591564e-05	9.61327352429999848
3	-9.40182615748364506e-05	2.34671110390238966e-05	-9.69219509116121906e-05	2.3697754944559148e-05	-0.000177630911495058893	3.57611928179680049e-05	-0.000188850077726564696	3.63301584381841823e-05	9.67610537739999721
3	-9.64597718106647423e-05	2.28544326009667735e-06	-9.42326604157087074e-05	8.56461812586097989e-06	-0.000188258653173001511	-0.000199491959527392103	-0.000183715772635996861	4.1396372844524692e-06	9.73893723049999771
3	-8.74476683583388117e-05	-2.92274491709314806e-05	-8.56339051864033428e-05	-9.45530063667571386e-06	-0.000168859690641072317	-0.000485232427962012879	-0.000165197763434859449	-3.5805013805657369e-05	9.80176908359999821
3	-7.39747792795642656e-05	-5.5219211224798131e-05	-7.29191316537537601e-05	-2.36930226274094049e-05	-0.000140256373394252916	-0.000763182701859305428	-0.000138201363369088549	-6.87317867794600399e-05	9.86460093669999871
3	-5.85831387555280886e-05	-8.51463391721240896e-05	-5.84942856035562529e-05	-4.18567746069754728e-05	-0.000107733998511204526	-0.00103305212788585383	-0.000107738066731262	-0.000111891379573004514	9.92743278979999921
3	-4.73196217210913766e-05	-0.000119419504102373468	-4.79354745573296994e-05	-6.40765801564513232e-05	-8.4145096147330645e-05	-0.00127585145801809106	-8.56700483337449498e-05	-0.000165789613440734605	9.99026464289999794
3	-3.86693097849196728e-05	-0.000162147514209380687	-3.98116370082117181e-05	-9.3121223804634132e-05	-6.63492758099233464e-05	-0.00148540881630758502	-6.90261706948220867e-05	-0.000236107247623740084	10.0530964959999984
4	-3.14491510401872373e-05	-0.000212370116361089466	-3.30202687915951139e-05	-0.000128168194158976559	-5.18808839511075942e-05	-0.00165075214944341892	-5.55038297633220039e-05	-0.000320163594830767911	10.1159283490999972
4	-2.5055336193462402e-05	-0.000268058803766154491	-2.70113616354695317e-05	-0.000167631550776233549	-3.94700755466688351e-05	-0.00176461371580449028	-4.39436267805999855e-05	-0.00041318106360968478	10.1787602021999959
4	-1.92862074682054517e-05	-0.000327687644611204104	-2.16013864726865545e-05	-0.000210308899686416085	-2.86902316440300936e-05	-0.00182580373985039165	-3.39545971629089187e-05	-0.0005110806514290765	10.2415920552999964
4	-1.41702941077020256e-05	-0.000390365842703229186	-1.68164539962572848e-05	-0.000255456267489394067	-1.96021720094283138e-05	-0.00183799437958470863	-2.55894852422153785e-05	-0.000610970478094998012	10.3044239083999969
4	-9.76290675436424353e-06	-0.000455205564602356163	-1.27007414866110929e-05	-0.000302317123177127487	-1.23148217250123491e-05	-0.00180680182577862953	-1.89304904671490961e-05	-0.000710366113608442242	10.3672557614999956
4	-6.10061035534645941e-06	-0.000520937197226898729	-9.28109299673347756e-06	-0.0003498457240054997	-6.88702538487969205e-06	-0.0017376931697910263	-1.40133351803597157e-05	-0.000806724326777907451	10.4300876145999961
4	-3.24668018510810829e-06	-0.000585714993713131946	-6.60919455770825149e-06	-0.000396575227892898864	-3.427342260343608e-06	-0.0016348017402228385	-1.09202468782944516e-05	-0.000897189427007547111	10.4929194676999966
4	-1.24557699657938406e-06	-0.000647084518216823647	-4.71821998383986298e-06	-0.000440604724795052303	-1.99360314649150743e-06	-0.00150065686930232647	-9.68448300155113622e-06	-0.00097852196317416997	10.5557513207999971
4	-8.93457709193885639e-08	-0.000701850157841035771	-3.59604003152904705e-06	-0.000479513541025042734	-2.51717679641601675e-06	-0.00133624940536228179	-1.0229905105697781e-05	-0.00104681295839349178	10.6185831738999976
4	2.44640950006310188e-07	-0.000746029068746346122	-3.22007596611844289e-06	-0.000510343683716154347	-4.88521288263583224e-06	-0.00114183030666104935	-1.24467100279018646e-05	-0.00109730999883494518	10.6814150269999981
4	-2.08567789141069785e-07	-0.000774866932598403915	-3.55828956788098948e-06	-0.000529627554887261319	-8.9437439582859016e-06	-0.000918319603556425556	-1.61913541936379046e-05	-0.00112430050299231637	10.7442468800999986
4	-1.36110508485465603e-06	-0.000783058184719730177	-4.53252281911785203e-06	-0.00053355596624385165	-1.44063819704288912e-05	-0.000669372733359455412	-2.12033719253874471e-05	-0.00112123653531136193	10.8070787331999991
4	-3.13700406539287296e-06	-0.000765249545243941757	-6.07721313948043829e-06	-0.000518351607943253476	-2.09999602815127784e-05	-0.0004035926434082719	-2.72370424627802134e-05	-0.00108121995410171432	10.8699105862999996
4	-5.45372984997006125e-06	-0.00071711934943101234	-8.12114696843182689e-06	-0.000481057982583846385	-2.84303316542806654e-05	-0.000136395089636502713	-3.40272088123912516e-05	-0.000998343984747214822	10.9327424394000019
4	-8.19659395089863746e-06	-0.000636383264958927108	-1.05644634767252714e-05	-0.000420251855150893035	-3.63408169460451694e-05	0.000110935268538752766	-4.1253106019123005e-05	-0.000868964282511308899	10.9955742925000024
4	-1.1253991896761018e-05	-0.000524315845915811164	-1.33108320836196369e-05	-0.000337103463217644527	-4.44105363117306586e-05	0.000313756646956046782	-4.86276011714479095e-05	-0.000694069621643180791	11.0584061456000029
4	-1.45612643699845611e-05	-0.000386641378478490261	-1.63055736702156307e-05	-0.00023598361676766314	-5.24563252386832623e-05	0.000449385979244334933	-5.59881930156554402e-05	-0.000481123134997259757	11.1212379987000034
4	-1.81340568037094916e-05	-0.000232529040705180853	-1.9567569517772095e-05	-0.000123664151023825987	-6.05054048294790324e-05	0.000505492544016436247	-6.33670181492304552e-05	-0.000243155870595522674	11.1840698518000039
4	-2.21909437348258783e-05	-7.42000247627795965e-05	-2.33051134955618304e-05	-8.9763327577110783e-06	-6.90547531478030003e-05	0.00048325394779507306	-7.12358855817373009e-05	1.28657404798837022e-06	11.2469017049000026
4	-2.76087805974408091e-05	7.13493830277451521e-05	-2.83450588366976469e-05	9.57491093229199871e-05	-8.00504883309070912e-05	0.000390367442564876319	-8.14290196178847999e-05	0.000224950509578689811	11.3097335580000014
4	1.04893998823383025e-05	0.000136839983506148845	2.499476486882923e-06	0.0001352741724013885	-0.000175160877296195322	0.000313237551363442326	-1.6125857543369291e-05	0.000309740660556575773	11.3725654111000001
4	0.000107894455633010617	0.00012295506483240052	6.72697758486148008e-05	0.000121771207045242533	-0.000298501009037612408	0.00028132807153624851	0.000122297161633583279	0.000278678839028782409	11.4353972642000006
4	0.000193583104502805735	0.000106828842838440494	0.000124560363279095729	0.000106148976060952359	-0.000354496374005617751	0.000244510593813946611	0.000242815195707787824	0.000242964248331282539	11.4982291173000029
4	0.000267250403306433461	9.33810816640027823e-05	0.000174635105560558583	9.3092514562833839e-05	-0.00032890199201898306	0.000213456135263047586	0.000346578318095744191	0.000212750464155339022	11.5610609704000016
4	0.000337504589516812183	8.11390145648171226e-05	0.000223277544605079373	8.11680602151732401e-05	-0.000204010268505981196	0.000184917583682052633	0.000447135876456838726	0.000184886055135874481	11.6238928235000003
4	0.000405666152198750187	6.85702676322699317e-05	0.000271088319793113001	6.89180042447179464e-05	1.15417043838132366e-05	0.000155597658397840582	0.000547156741108872327	0.000156242923150076739	11.6867246766000008
4	0.000469402346497505224	5.54765242142735406e-05	0.00031612104371949671	5.6158632196253633e-05	0.000295619428352501097	0.000125095348926657188	0.000643620539678088589	0.000126456615680208283	11.7495565297000013
4	0.000525602789219546717	4.24844649435774893e-05	0.000355920559805723066	4.34892211959734875e-05	0.000622355493225736187	9.47770373918674385e-05	0.000731822639112519771	9.68352862903294867e-05	11.8123883828000018
4	0.000571082584246973167	3.03980859267199623e-05	0.000388022106812259632	3.1688283343072128e-05	0.000965647902590315238	6.63722132308218417e-05	0.000806335278685803422	6.90541748442093621e-05	11.8752202359000023
4	0.00060258524173725	1.98682237753661742e-05	0.000409948454894496839	2.13865193047767672e-05	0.00129980236408109673	4.12833992285134793e-05	0.00086110315475983613	4.44719517389524814e-05	11.938052089000001
4	0.000616918999667530115	1.13175915330505293e-05	0.000419330698605931878	1.29925379703907338e-05	0.00159947191745322091	2.04294722231001959e-05	0.000889921616743031109	2.3975852039260137e-05	12.0008839421000015
4	0.000610973544330879422	4.84028894366512868e-06	0.000413911165720923084	6.59466819223640389e-06	0.00183885997494338815	4.03777617385675644e-06	0.00088672909562846668	7.77909930413000749e-06	12.063715795200002
4	0.000582008824158012847	3.44446606270805341e-07	0.000391772961890119776	2.10159500567492423e-06	0.00199147437842431621	-8.05054616816450144e-06	0.000846387764576402176	-4.27795882636796709e-06	12.1265476483000025
4	0.000528202630411267427	-2.30745542771800201e-06	0.000351724570301892986	-6.16355582563833579e-07	0.00203090869748387024	-1.60832523604444058e-05	0.000765754378813443722	-1.24283843976978445e-05	12.189379501400003
4	0.000449079457574932169	-3.25419862428327682e-06	0.00029356742185906743	-1.68565650697426089e-06	0.00193245406168235747	-2.03056202628952749e-05	0.000644404034915218291	-1.68929152743797585e-05	12.2522113545000018
4	0.000346143807306308103	-2.63829674947250904e-06	0.000218522565920817606	-1.23389426856409336e-06	0.00167682128713204665	-2.09695440360084041e-05	0.000485507233714793543	-1.78927352803808903e-05	12.3150432076000005
4	0.000223493344623355687	-5.4534484100469555e-07	0.000129627423413413838	6.68702075861936236e-07	0.00125584732838185343	-1.8205754640371479e-05	0.000296390606267662158	-1.55262103907324305e-05	12.377875060700001
4	8.87743627233014552e-05	3.01351827334724299e-06	3.24125660179671839e-05	4.02076063251122168e-06	0.000680534863218746591	-1.19866690390041106e-05	8.94626937562833423e-05	-9.74522486260115884e-06	12.4407069137999997
4	-4.25460211831938189e-05	8.61320979500189569e-06	-6.18966349455057376e-05	9.3806064133328093e-06	-3.68020380998694213e-06	-1.05286516505262792e-06	-0.000111477063310567553	6.75309592475301824e-07	12.5035387669000002
4	-0.000105406799866550232	-2.40617035586672298e-05	-0.000103149537881626471	-1.35338327020714237e-05	-0.000205975359776670159	-0.000488036287608817419	-0.000201378887372283044	-4.79380726080727058e-05	12.5663706200000007
