0	-1.16551733542191727e-18	-1.66059485820225497e-18	-6.69115750784177315e-19	-8.68170565508608752e-19	-1.16607350078950661e-18	-1.66138726627861773e-18	-6.69435041622833123e-19	-8.68584841973678776e-19	0
0	-6.64721628527742548e-06	-5.18146723028553433e-05	-2.06508719973932855e-07	1.96900102265658714e-06	-5.41143375008725308e-06	-5.27412188531576443e-05	9.08200800043564264e-07	1.39036105211548619e-06	0.0628318531000000013
0	-1.25487080262100327e-05	-9.59389014820224013e-05	-3.9171255980044547e-07	3.49417037861643188e-06	-1.01367632033073769e-05	-9.77357771434473444e-05	1.78796499816522453e-06	2.3609014710943138e-06	0.125663706200000003
0	-1.70082729366208586e-05	-0.00012619398887007952	-5.3439185429894822e-07	4.28402314724020095e-06	-1.35253557615662331e-05	-0.000128760063875933494	2.62177766522516742e-06	2.63903637246458176e-06	0.188495559300000004
0	-1.94422635181430683e-05	-0.000138960295570900882	-6.14327285244303434e-07	4.2789653610866168e-06	-1.50179791936817728e-05	-0.000142167407983529999	3.40754628657916848e-06	2.17652412578066664e-06	0.251327412400000005
0	-1.94561615126771828e-05	-0.000133499635622333823	-6.14406071362155285e-07	3.62689446860590787e-06	-1.42246025612662076e-05	-0.000137211086880520124	4.15533956586255832e-06	1.12564773957531402e-06	0.314159265500000007
0	-1.69192773831145872e-05	-0.000111603325383044614	-5.2360819380841981e-07	2.5803159911214393e-06	-1.10051489367265742e-05	-0.000115689004282103707	4.87970194359987636e-06	-2.61576051831031554e-07	0.376991118600000008
0	-1.20162374827334328e-05	-7.68658145279992245e-05	-3.40546003274580945e-07	1.37631990385302163e-06	-5.52786140353067621e-06	-8.12127116127055372e-05	5.59116195215203308e-06	-1.75134123507162727e-06	0.439822971700000009
0	-5.25754312104071358e-06	-3.39335703821547649e-05	-7.53241669735970999e-08	1.57653995836079989e-07	1.7145850584815472e-06	-3.84522821729656273e-05	6.29077478155396789e-06	-3.20553461246146422e-06	0.502654824800000011
0	2.57010355678633917e-06	1.20497476395238252e-05	2.57882655151679857e-07	-1.03925828368419057e-06	9.95109134723292766e-06	7.4212814633906412e-06	6.97549984418558262e-06	-4.59285309204851232e-06	0.565486677900000068
0	1.04876942104131534e-05	5.57756863561747966e-05	6.43534753754330196e-07	-2.23816769863707799e-06	1.82140116307295203e-05	5.10702152442324284e-05	7.63996967411296499e-06	-5.94212592760642303e-06	0.628318531000000124
0	1.7426715691044879e-05	9.20077251357911773e-05	1.06072819115298977e-06	-3.45125432237160563e-06	2.54411221327818974e-05	8.72282608780459306e-05	8.27214799686338069e-06	-7.27022597673412226e-06	0.691150384100000181
0	2.23884340515470306e-05	0.000115913637252370406	1.49504872129765363e-06	-4.62427810559255165e-06	3.0635273553930146e-05	0.000111035287088807151	8.86523963602787294e-06	-8.52705299031099662e-06	0.753982237200000238
0	2.46004686681495111e-05	0.000123642750824673654	1.94019460610239124e-06	-5.63670645329899688e-06	3.3022158974938089e-05	0.000118618212174797204	9.41944376310034335e-06	-9.59574496287333981e-06	0.816814090300000295
0	2.36660554055020553e-05	0.000113171690378634351	2.40310613544942492e-06	-6.36265469607816088e-06	3.22015313004390337e-05	0.000107941618974102403	9.9473182580973084e-06	-1.03539758003608621e-05	0.879645943400000352
0	1.96673834542995018e-05	8.50733624735580896e-05	2.9058524784954772e-06	-6.79750663961316437e-06	2.82527139567536958e-05	7.9581029403817281e-05	1.04757504716589249e-05	-1.08011633345895233e-05	0.942477796500000409
0	1.31878126774888832e-05	4.27705046773513812e-05	3.48399393955368442e-06	-7.16120558999756001e-06	2.17590671964802996e-05	3.69780387758974412e-05	1.10445961559835652e-05	-1.11620966992065873e-05	1.00530964960000047
0	5.22329431462586582e-06	-7.95712816368773676e-06	4.17197541034895765e-06	-7.88186262192346297e-06	1.37207814401815221e-05	-1.40558552284967079e-05	1.16921545227236444e-05	-1.1870325430621229e-05	1.06814150270000052
0	-2.97065822817771797e-06	-6.03027560275164491e-05	5.01153265096010831e-06	-9.48252699533836768e-06	5.40206632216731266e-06	-6.66771630538632567e-05	1.2463602909228797e-05	-1.34541879799574348e-05	1.13097335580000058
0	-1.00810569905204238e-05	-0.00010803245899347723	6.0594644114541773e-06	-1.24177682064447152e-05	-1.87167867724997452e-06	-0.000114619604634799674	1.34189187389556077e-05	-1.63724853361144897e-05	1.19380520890000064
0	-1.49568295527552003e-05	-0.000146700770064365045	7.37502238043808288e-06	-1.69601173458039386e-05	-6.9352126914398139e-06	-0.000153416465503426031	1.46202253450233274e-05	-2.09003807797547424e-05	1.25663706200000069
0	-1.67576846229126915e-05	-0.000174073374652251373	9.01754587859039069e-06	-2.31654337550483816e-05	-8.9343260387812896e-06	-0.000180825297067642042	1.61294803129096482e-05	-2.70947258309930147e-05	1.31946891510000075
0	-1.49684233913521526e-05	-0.000189859335291313146	1.10782791823961103e-05	-3.09114836182832538e-05	-7.34149835522653303e-06	-0.000196558184260079848	1.8040606060009968e-05	-3.48330069730239073e-05	1.38230076820000081
0	-9.08575436075474017e-06	-0.000195135497487864334	1.38422568981050742e-05	-3.99801197765046801e-05	-1.64136819784425871e-06	-0.000201702759884397485	2.06428148248778348e-05	-4.38961760217892883e-05	1.44513262130000086
0	8.07178265484181091e-07	-0.000191714119133648612	1.74400473527600686e-05	-5.01232102990110758e-05	8.09025912021189398e-06	-0.00019808594439074193	2.40697693652567917e-05	-5.40349955475752974e-05	1.50796447440000092
0	1.42874839958702328e-05	-0.000181669970682720182	2.19281082166361602e-05	-6.11042335180970471e-05	2.14335297780488087e-05	-0.000187798319284443672	2.83803447617928203e-05	-6.50118919229589838e-05	1.57079632750000098
0	3.06653483367068695e-05	-0.000167039440152138462	2.72904641130410028e-05	-7.27071803209667294e-05	3.76974938768254308e-05	-0.000172891473567823325	3.35601928606709052e-05	-7.66098503882745122e-05	1.63362818060000103
0	4.90447562607449454e-05	-0.000149733845087386447	3.34506326714757149e-05	-8.47467486312757638e-05	5.59812138646130356e-05	-0.000155291098545714287	3.95337061742534479e-05	-8.86426825718287527e-05	1.69646003370000109
0	6.83936701619814716e-05	-0.000131538423086095807	4.02844300415845934e-05	-9.70620174175669683e-05	7.52444475802299044e-05	-0.000136796208466072593	4.61768283042129652e-05	-0.000100948660061659786	1.75929188680000115
0	8.76011200575760535e-05	-0.000114166835956943673	4.76386282276032331e-05	-0.000109508924420945454	9.43654268406218029e-05	-0.000119134144992569832	5.33358909575152608e-05	-0.000113382930621760283	1.8221237399000012
0	0.000105532145946435254	-9.93486849083140354e-05	5.53461790932320471e-05	-0.000121954371283439924	0.000112196529356477782	-0.000104048818681327473	6.08429832055625908e-05	-0.000125811591685403613	1.88495559300000126
0	0.000121095699479819774	-8.89483265259621419e-05	6.32406292278578716e-05	-0.00013428816109706986	0.000127633159326588316	-9.34204767335051811e-05	6.85305451304356068e-05	-0.000138123761243368179	1.94778744610000132
0	0.000133308630008456569	-8.49854603290933525e-05	7.11690957240037925e-05	-0.000146407224474378954	0.000139678737347380703	-8.92863856169455325e-05	7.62445340516287092e-05	-0.000150215691067958051	2.01061929920000138
0	0.000141394826564027437	-8.91945296785879373e-05	7.90170162729267648e-05	-0.000158000959654383023	0.000147545107701339123	-9.33966851411142105e-05	8.38694084290187748e-05	-0.000161774226133195719	2.07345115230000143
0	0.000144854833105066629	-0.000104269752059429896	8.6692920886164256e-05	-0.000169204969241965308	0.000150723468194088412	-0.000108469181399101721	9.1312882051059331e-05	-0.000172936340053920378	2.13628300540000149
0	0.000143612499657854662	-0.000132989325375205264	9.41409491150262942e-05	-0.000180329060394298491	0.000149132985088575254	-0.000137305995975894451	9.85185799496995728e-05	-0.000184014819965823678	2.19911485850000155
0	0.000138170600836616232	-0.000177666773234065009	0.000101359120593537573	-0.000191841442933846199	0.000143278565652584444	-0.000182239932070300771	0.000105484510141042929	-0.000195482358578603709	2.2619467116000016
0	0.000129705096773144652	-0.000239523232487335891	0.000108396735182643195	-0.000204432171748928878	0.000134346724278820137	-0.000244500787815843358	0.000112260487491288086	-0.000208035549422206268	2.32477856470000166
0	0.000119987647553865877	-0.000317778984341658048	0.000115291259517008297	-0.00021893172836179363	0.000124128046987735224	-0.000323298357407715152	0.000118884502929085512	-0.000222512556424294132	2.38761041780000172
0	0.000112224862627319959	-0.000408820559742583941	0.000122748208510365438	-0.000236149656871592172	0.000115863920950166292	-0.000414982450101991315	0.000126069267543483301	-0.000239730235808566098	2.45044227090000177
0	0.000110475429779211218	-0.000506242041394816783	0.000131746040308451749	-0.000256772090442596392	0.000113659297657930466	-0.000513085476082626268	0.000134803661650622492	-0.0002603807250815136	2.51327412400000183
1	0.000118098878603618523	-0.000602684241439832786	0.000142834223660000725	-0.000281404065960459443	0.000120914857386025974	-0.000610180806435255694	0.000145643506219043586	-0.000285074506912681388	2.57610597710000189
1	0.000137447099763629609	-0.000689890674365918003	0.000156344155931800234	-0.00031025856400976326	0.000140012967655441087	-0.00069793392368809441	0.000158924320448030617	-0.00031402553430671861	2.63893783020000194
1	0.00016915210120686618	-0.000759430885840251479	0.000172244604050033516	-0.000343133913111884304	0.000171596215168006312	-0.000767833391817641583	0.000174615066293855884	-0.000347028842029807843	2.701769683300002
1	0.000211687361373943689	-0.000803915591775463474	0.000190091481536013951	-0.000378876162465490872	0.000214122806086684158	-0.00081241862964275414	0.000192267246377723244	-0.000382917990130355289	2.76460153640000206
1	0.000261412220486351274	-0.000818448350860687666	0.000209038062720936043	-0.000415464149311954556	0.000263910795994288833	-0.000826744912906683433	0.000211025105622034603	-0.000419651066031922874	2.82743338950000211
1	0.000313156631567330099	-0.000801839352334797993	0.000227900575791008416	-0.000450399783797495584	0.000315729713932077355	-0.000809608120669451825	0.000229691975027248143	-0.000454704839293077856	2.89026524260000217
1	0.000359357624873216086	-0.000749318033374044316	0.00024463820994141092	-0.000477559322904928883	0.000361930329508073766	-0.000756181346113332631	0.000246205265613373843	-0.000481893524734226071	2.95309709570000223
1	0.000381139653392080361	-0.000616658830471442554	0.000251100291720344148	-0.000469702926467510087	0.000383439764742635062	-0.000621770198184347627	0.000252331144879527978	-0.000473700534294692061	3.01592894880000228
1	0.000379488949860853529	-0.000458011962492051151	0.000249527641928532016	-0.000439983045003706239	0.000381259355938497321	-0.000461058798103177597	0.000250336128387241522	-0.000443416057209401954	3.07876080190000234
1	0.000361994019383733419	-0.000332940268080011688	0.000244445739203920603	-0.000404903749091349845	0.000363061352602028114	-0.000334203745008018695	0.000244794127399147873	-0.000407713921272445298	3.1415926550000024
1	0.000333697196293647935	-0.000278603668238847438	0.000239132537916503956	-0.000374245145712757445	0.000333949883435602122	-0.000278748170299507726	0.000239018340821454711	-0.000376474258019788709	3.20442450810000246
1	0.000301749501480573349	-0.000301200018305733451	0.000236782500906835999	-0.000349673785455228254	0.000301158942576226643	-0.000300975841000511565	0.000236235466181096442	-0.000351380057159967772	3.26725636120000251
1	0.000270021741423841222	-0.000385012279109084104	0.000236323833075388683	-0.00033109267764784995	0.000268607013001977721	-0.000385052999141748001	0.000235362065456604628	-0.000332332103850602775	3.33008821430000257
1	0.00024251069592548714	-0.000495274170526890218	0.000236278015627845131	-0.000319111656071585745	0.000240337736626721182	-0.000495918261078486227	0.000234904718727486651	-0.00031994700583228209	3.39292006740000263
1	0.00022316666731781991	-0.000587376879404357083	0.000235737081125348162	-0.000308823671763790598	0.000220343321722950297	-0.000588515585508644348	0.000233947692903012204	-0.000309264823132884836	3.45575192050000268
1	0.000217013792255436145	-0.000643412045660377387	0.000235853221272439912	-0.00030378355058929249	0.000213694886145689898	-0.000644735143462262482	0.000233656485772955336	-0.000303871063386984129	3.5185837736000023
1	0.000226823848905029137	-0.000648438699184087784	0.000238055164587065693	-0.000301732323682776576	0.00022317720998370918	-0.000649482843622823779	0.000235473825267710899	-0.000301488075591210521	3.58141562670000235
1	0.000247912900767853842	-0.000600602824715397747	0.000241056683040173322	-0.000300437940038683475	0.000244041566559209747	-0.000600866847958262231	0.00023810123230233411	-0.000299865716559579809	3.64424747980000241
1	0.000274675622101274136	-0.000509128255958321454	0.000243894188896148594	-0.000298515796440137972	0.000270615479915288048	-0.000508174442961315865	0.000240567311351635218	-0.000297609230169696456	3.70707933290000247
1	0.000301599888821192641	-0.000390341699709175686	0.000246082567076944707	-0.000295613410020113799	0.000297328455730148358	-0.000387864718543095492	0.000242384660969013601	-0.000294365637582882748	3.76991118600000252
1	0.000326433133048454466	-0.000262916036469368732	0.000249021967577632314	-0.000292043427396721878	0.000321906779548144519	-0.000258767414463655044	0.000244967802291019496	-0.000290452852764822641	3.83274303910000258
1	0.000344608664810940881	-0.000151157739012641788	0.000251963149237970682	-0.000290635540144774419	0.000339747354230543822	-0.000145401311345093179	0.000247561477749519074	-0.000288727604414108785	3.89557489220000264
1	0.000353312100040382169	-7.62740837031033629e-05	0.000254279906681282621	-0.000294089914896447267	0.000348024911694122215	-6.91654482003646999e-05	0.000249535846445399288	-0.000291913777631700388	3.95840674530000269
1	0.000351973198321599648	-4.30166266563964411e-05	0.000255732431560046377	-0.000299513963505906085	0.000346183832418206592	-3.48584914000815051e-05	0.00025065161431134952	-0.000297093597420157896	4.02123859840000275
1	0.000341283865857232923	-5.50114267115703741e-05	0.000255949924237686274	-0.000304392722370731329	0.000334944844763383591	-4.61586090705980076e-05	0.000250538514523927552	-0.000301732625763265943	4.08407045150000236
1	0.000324016744212689842	-0.000110908860772362272	0.000255159714805840252	-0.00030761057271581953	0.000317121507271188069	-0.000101732036419636601	0.000249428860951006449	-0.000304707144798858865	4.14690230460000198
1	0.000304350913317432477	-0.000202274695357984688	0.000254534558118338166	-0.000308668654773295323	0.000296942608131927971	-0.000193103821115989653	0.000248508105104592442	-0.000305514753956360888	4.20973415770000248
1	0.000285458804274432471	-0.000314793502915453537	0.000254295729963474897	-0.000307435609028954709	0.000277606605823475057	-0.000305867089709495831	0.000248000288623546569	-0.000304023695465869355	4.27256601080000298
1	0.000268980970636947217	-0.000433656880771355788	0.000254093790649707375	-0.000305354121611276148	0.000260764969912649462	-0.000425104861762641269	0.000247555540372692716	-0.000301686804721159566	4.33539786390000348
1	0.000255817395742294058	-0.000546863110883542771	0.000253631968925760736	-0.000304517553745485147	0.000247320846390330202	-0.000538715430766085394	0.000246878082089559722	-0.000300612015502082	4.39822971700000398
1	0.000246219146777269804	-0.000642990784804026638	0.000252672997526027447	-0.00030456901779386163	0.000237522350726703939	-0.000635200651867210103	0.000245732688950886058	-0.000300444717396126525	4.46106157010000448
1	0.000239947036588536872	-0.000715257948912747816	0.000251049121433352294	-0.000305393613675250639	0.000231124017162005573	-0.000707734796149088073	0.000243954581011665431	-0.000301075087090943059	4.52389342320000498
1	0.000236434874311542131	-0.000760757291054253867	0.000248635522232326157	-0.000306704652051560406	0.000227552605586728258	-0.000753395054820821838	0.000241422671145239434	-0.000302220319651777666	4.58672527630000548
1	0.000235028526903851821	-0.000779648179893290016	0.000245394968543130912	-0.000308230491930359019	0.000226148229374113931	-0.000772349181755141619	0.000238104294476813481	-0.000303613117132519228	4.64955712940000598
1	0.000234978696628470891	-0.00077383421175032446	0.000241255320324978626	-0.000309627878508159321	0.000226158247641862378	-0.000766523710144048783	0.000233932569344260765	-0.00030491436496320293	4.7123889825000056
1	0.000235587203059987681	-0.000746150488365210254	0.000236156086703119734	-0.000310630180903723803	0.000226884335365027095	-0.00073878550005441817	0.000228853252258064615	-0.000305862510993614562	4.77522083560000521
1	0.000236297736008706676	-0.000699529568856767738	0.000230078400973664823	-0.000310959440951016236	0.000227773609410193413	-0.000692102837078841567	0.0002228550009626312	-0.000306185634877987202	4.83805268870000571
1	0.00023665042559369503	-0.000636986227793741636	0.000223029366089084335	-0.000310543922820712191	0.000228372892812547757	-0.000629528021610360712	0.000215953861358564076	-0.000305819997604354953	4.90088454180000532
1	0.000236415738254779458	-0.000562388667610675872	0.000215150685950375113	-0.00030975956692463869	0.000228463267952560894	-0.000554968649138031715	0.000208302583936652855	-0.000305151721058677047	4.96371639490000494
1	0.000235699847393865114	-0.000483130326248876023	0.000206842425062930975	-0.000310323257372204322	0.00022816581295639107	-0.00047586118831234337	0.000200314997610650359	-0.000305910274220540376	5.02654824800000544
2	0.000235001235549784466	-0.000397607676288894098	0.000198871604572010768	-0.000311241530262728174	0.000227997588089672628	-0.00039062986363798131	0.000192774490209409843	-0.000307110801810936906	5.08938010110000594
2	0.000235964867477423464	-0.000307909785008912728	0.000192955971624423522	-0.000312792708471922672	0.000229626847412755337	-0.000301398631282066257	0.000187418403228004494	-0.000309044251730708074	5.15221195420000555
2	0.000240543440406444431	-0.00021557376961439556	0.000191231764450005372	-0.000314464372091761242	0.000235029177235078301	-0.000209730824714620718	0.000186402025036978548	-0.000311206461119355063	5.21504380730000605
2	0.000250526787446976216	-0.000124217662650071459	0.000195798263637642219	-0.000316308293737783454	0.000246010775484471896	-0.000119265649340777305	0.000191837332773128701	-0.000313654580905312042	5.27787566040000655
2	0.000266826353350265127	-3.9125763067310567e-05	0.000207943720874389219	-0.000318501301465150537	0.00026348414103532109	-3.52919118074128423e-05	0.000205010460319087959	-0.000316561228383889742	5.34070751350000616
2	0.000287966357578978594	3.36774750167266466e-05	0.0002267136603689107	-0.000320162576224471704	0.000285947047489389637	3.61857542784702629e-05	0.000224939383571592222	-0.000319026257212269202	5.40353936660000667
2	0.000309767919060579232	8.5013852590258885e-05	0.000248455737183032356	-0.000320529605352480227	0.000309161799267042325	8.60313350501575573e-05	0.000247915370792404621	-0.000320253041345133912	5.46637121970000717
2	0.000326299549451499816	0.000103008669597430929	0.000267809658373219315	-0.000318784786033725754	0.000327116006731716709	0.000102425770301100381	0.000268503668008723004	-0.00031937964284976415	5.52920307280000767
2	0.00033247714862328834	7.49976979666671831e-05	0.000280177691906766146	-0.000313868952767763852	0.000334644510687824592	7.27601602507199624e-05	0.000282035535612140014	-0.00031530191876898557	5.59203492590000728
2	0.000326154633534733892	-9.6085920495702633e-06	0.000283596272017492949	-0.00030523578622641351	0.000329539883367806316	-1.3505622054039457e-05	0.000286498448513346411	-0.000307438653966105437	5.65486677900000689
2	0.00030862877207452603	-0.000151979538001453503	0.000278912515707286637	-0.000294772572582424619	0.000313065073619485411	-0.00015749699237839216	0.00028271834239073485	-0.00029766249992241073	5.71769863210000651
2	0.000283404616259250728	-0.00033525266259296847	0.000268360355507169857	-0.000283486572410086076	0.000288714807672540367	-0.000342282729473334887	0.000272929333414168983	-0.000286980524072114854	5.78053048520000612
2	0.000255167073903164883	-0.000522375414648706266	0.000254407134278543151	-0.000272305499598085859	0.000261180869523010197	-0.000530696411200215468	0.000259610667413872937	-0.000276327989316910063	5.84336233830000662
2	0.00023005562441438972	-0.000664741135584870097	0.000239991365008822971	-0.000262405113437347195	0.000236626466283653406	-0.000674000799126582952	0.000245720030164404773	-0.000266890221869406678	5.90619419140000623
2	0.00021154274713967649	-0.000721130038207209913	0.000226061076662918258	-0.000254162968984206943	0.000218556021465831106	-0.000730883460013051728	0.000232222354845034216	-0.000259049583095585128	5.96902604450000673
2	0.000201795289027948386	-0.000681117364435130474	0.000213249415030831307	-0.000249006702816705191	0.000209171714191149139	-0.000690943429102749062	0.000219765155876889894	-0.000254240861801532513	6.03185789760000635
2	0.000200604206873446032	-0.000558295200989838915	0.000201678596011028863	-0.000246506321668866254	0.000208296322261145001	-0.000567866098446977012	0.000208481592470555335	-0.000252035304331691367	6.09468975070000596
2	0.0002069130256070666	-0.000378202053726222644	0.000192008216635363587	-0.000243883994291675004	0.000214901170121280948	-0.000387314344157819958	0.000199043255358680421	-0.000249647366707745038	6.15752160380000557
2	0.000216181513240177919	-0.000180144004462713702	0.000183855458920798845	-0.000240501661972210507	0.000224454102182358132	-0.000188768655402002329	0.000191074894335689253	-0.000246438415990398569	6.22035345690000518
2	0.0002228777653444578	-1.29977512256423693e-05	0.000176559759814117807	-0.00023851571181630405	0.00023140930028682578	-2.13144475063345973e-05	0.000183919389984794755	-0.000244577686951097514	6.28318531000000569
2	0.00022239872089430853	8.34232958247480569e-05	0.0001696792713689672	-0.000237668274416727963	0.000231136192815478757	7.50739537910016005e-05	0.000177137155296951712	-0.000243813116293986138	6.3460171631000053
2	0.000213611569220572395	8.45600511372585073e-05	0.000163882264087903171	-0.000235421769088272405	0.000222481126911162419	7.57640223164227457e-05	0.000171404467545319058	-0.000241604053401805492	6.40884901620000491
2	0.00019664004816740137	-1.09508954314773891e-05	0.000158865305672151657	-0.000230089636170113603	0.000205547846585176571	-2.05543374591080919e-05	0.000166420615230800708	-0.000236268104082375566	6.47168086930000452
2	0.000174388548382961502	-0.000172539440253491387	0.000154371686485731694	-0.000222808947126641342	0.000183238287811256825	-0.000183110937467661009	0.000161930464355573514	-0.000228961777400289073	6.53451272240000414
2	0.000151698314722186351	-0.000345119148516910264	0.000150397530392134459	-0.000214724862887737757	0.000160414337335530955	-0.000356507194651715042	0.000157932738898941875	-0.000220840396440225625	6.59734457550000375
2	0.000133715167447296524	-0.000475466407451467766	0.000147309955969729303	-0.000207412713239229287	0.000142259847131953176	-0.000487263290401231586	0.000154799715215441592	-0.000213485023314889726	6.66017642860000336
2	0.000124035871368263827	-0.000536449810873186779	0.000145507203179079235	-0.000201909478851763154	0.000132411766137339174	-0.000548168741479418908	0.000152935161858727225	-0.000207934020680412439	6.72300828170000297
2	0.000122913948350890487	-0.000531813065552825875	0.000144560326523075815	-0.000199256437785476413	0.000131145623326338725	-0.0005430592973879266	0.000151909533863838077	-0.000205232698309903327	6.78584013480000348
2	0.000128931946431789889	-0.000475272476684651711	0.000144192049604864722	-0.000197228730953444178	0.000137051926357242447	-0.00048575810089555708	0.000151445408319880319	-0.000203139671501354868	6.84867198790000398
2	0.000140328848092830856	-0.000387513968742085927	0.000144503212763541765	-0.000194738796277942608	0.00014836838324174193	-0.000397086410714524185	0.000151645653485506026	-0.000200559891885264619	6.91150384100000448
2	0.000155548054900097525	-0.000289227722776929156	0.000145825512056303372	-0.000192098583066731645	0.000163535001253064193	-0.00029786339968234125	0.000152846786437953869	-0.000197809919154034937	6.97433569410000409
2	0.000171270019465643485	-0.000197673949374975081	0.000147481460675463088	-0.000190876611848003178	0.000179210542937724632	-0.000205454268455729287	0.000154368355977877678	-0.000196473263256744164	7.0371675472000037
2	0.000185808190478935204	-0.000118089356126735564	0.000149279965392102405	-0.000190108355032908132	0.000193692341997953125	-0.000125115196693298446	0.000156018607433515308	-0.000195581135188729335	7.09999940030000332
2	0.000198245028310314186	-5.45387055245271046e-05	0.000151142872799952643	-0.000189683971170367819	0.000206050895102047327	-6.09270415486503044e-05	0.000157719345332568245	-0.000195024807166947994	7.16283125340000293
2	0.000208377033807401174	-8.06134952762262935e-06	0.000153102332739123051	-0.000189548180208314141	0.000216077091884416157	-1.3928235998076539e-05	0.00015950406507772409	-0.000194750395411066266	7.22566310650000343
2	0.000216169285141004311	2.2419435526780581e-05	0.000155165552978839391	-0.000189680103727683249	0.000223732423069961366	1.69703480856309487e-05	0.000161381206489857106	-0.000194738469809994989	7.28849495960000304
2	0.000222243524243803133	3.91780429042814696e-05	0.000157580393652362706	-0.000190074590266203357	0.000229641845015206725	3.40613977266473027e-05	0.000163601834833280259	-0.000194985127729809372	7.35132681270000266
2	0.00022707517825525179	4.49079998393042272e-05	0.000160438312731749565	-0.00019074590327868162	0.000234283906681702055	4.0057839372460473e-05	0.000166259331361067879	-0.000195505724979962462	7.41415866580000316
2	0.000230801620065982516	4.21656428218875916e-05	0.000163612298069536465	-0.000191716883240947806	0.000237796686499582602	3.75331904860204114e-05	0.000169226550105075013	-0.000196324011456856649	7.47699051890000277
2	0.000233337562870192396	3.38098505570919359e-05	0.000166877023589804109	-0.000192511164765762097	0.000240093459836025221	2.9366555958639226e-05	0.000172276800844132263	-0.00019695967303742936	7.53982237200000238
3	0.000234883041753692809	2.07483626866369406e-05	0.000170202875426851013	-0.00019332537202168109	0.000241376836794920263	1.64701768974026302e-05	0.000175381104226606519	-0.000197611195959044255	7.60265422510000199
3	0.000235481461889561677	3.45287243274723252e-06	0.00017354132597589993	-0.000194482104973871039	0.000241691407263218958	-6.84720358563670073e-07	0.000178491249499143726	-0.000198604488856394531	7.6654860782000025
3	0.000235064916189361083	-1.78571432274030842e-05	0.000176836593128768552	-0.000195888074203570364	0.000240969498882917348	-2.18788098864893404e-05	0.000181551650019407641	-0.000199845451266157453	7.728317931300003
3	0.000233458823039385803	-4.34765467464450492e-05	0.000180013811953334997	-0.000197483717436336501	0.000239035792778249072	-4.74112371815430051e-05	0.000184487430684739497	-0.000201274036232596551	7.79114978440000261
3	0.000230447496150130743	-7.41047653579896118e-05	0.000183006100152392011	-0.000199226301219321966	0.000235673395620523502	-7.79887665403881838e-05	0.000187231707724666818	-0.000202847162705143498	7.85398163750000222
3	0.000225807674254318192	-0.000110656012056283752	0.0001857469124955401	-0.000201075568785967539	0.000230657651700702163	-0.000114534530573341865	0.00018971787217340232	-0.000204524260593079541	7.91681349060000183
3	0.000219762473746900813	-0.000153969537412878605	0.000188496581661770933	-0.000202961115392308729	0.00022421431726818753	-0.000157895884639176358	0.000192209174627324796	-0.000206234338030661097	7.97964534370000145
3	0.000212238495236322067	-0.000204456733474039557	0.000191162037289185313	-0.000204824026764802359	0.000216270256986470232	-0.000208488613909888637	0.000194612181642313779	-0.000207917976567578575	8.04247719680000195
3	0.000203308585266220198	-0.000261516507510459488	0.000193585709844499665	-0.000206617523263257137	0.000206899736658590518	-0.00026570735202393513	0.000196768141202749848	-0.000209527958572183206	8.10530904990000245
3	0.000193437242582287833	-0.00032282668879367115	0.000195630645001252518	-0.000208316563706220865	0.000196572583097604111	-0.000327210814939245189	0.000198538985190405712	-0.000211038929562266795	8.16814090300000117
3	0.000183625735552645056	-0.000383689972988192286	0.000197217507108505164	-0.000209929529671834308	0.000186300838937629302	-0.000388261875129137547	0.000199844671295613165	-0.000212459171247864433	8.2309727560999999
3	0.000175388694901157242	-0.000436656465682702471	0.000198287729122659093	-0.000211413698552877412	0.000177615350640753465	-0.000441346209417998146	0.000200626004789023859	-0.0002137452854576481	8.29380460919999862
3	0.00017067826415711912	-0.000472093892887296795	0.000198854486689688432	-0.000212641668450396339	0.000172489081113527741	-0.000476746737484768138	0.000200896138460714298	-0.000214768365854605997	8.35663646229999735
3	0.000172162218975978391	-0.000480392876493914074	0.000199349478383679355	-0.000213514454217235997	0.000173617317370175402	-0.000484767654419825285	0.000201090675891989635	-0.000215428293584176431	8.41946831539999607
3	0.000181605375169823993	-0.000458101633561589839	0.000200030044958285325	-0.000215522405857515863	0.000182782885074823204	-0.000461924078857268593	0.000201469221951832718	-0.000217229421812494293	8.48230016849999657
3	0.000198695844953002728	-0.000400478193212756893	0.000200699754796637936	-0.000217515946381044271	0.000199669933478702975	-0.000403422873546442553	0.000201833271474923193	-0.000219011498026110959	8.54513202159999707
3	0.000221316684274991751	-0.000310888656207170141	0.000201101054252766584	-0.000218847442653453944	0.000222137723059269323	-0.00031264950876951894	0.000201922667586263826	-0.000220121402505014306	8.6079638746999958
3	0.000245432070239107625	-0.000201248228393197619	0.00020101823904359253	-0.000219241491401120679	0.000246106205585152368	-0.000201614186187897617	0.000201519578816409048	-0.000220282203657824846	8.6707957277999963
3	0.000266269496024816024	-9.64220902413723914e-05	0.000200810658786456481	-0.000220702260228249487	0.00026675091383247633	-9.53978704417938469e-05	0.00020098663755484803	-0.000221518321294828229	8.7336275808999968
3	0.000276933055405247813	-2.4087419371096821e-05	0.000199859644914451986	-0.000224008128570801182	0.000277106519117174376	-2.19252792776087338e-05	0.000199699331804026298	-0.000224616861674141076	8.7964594339999973
3	0.000272145608525875635	-9.55864780635485115e-06	0.000197789775495422029	-0.000227512827708379754	0.000271848499067969232	-6.74980074233614046e-06	0.000197278952535416839	-0.000227917081819476846	8.8592912870999978
3	0.000251160019080518958	-7.00113948335756694e-05	0.000194747358027384375	-0.000229269818386529161	0.000250233662184079313	-6.72354699848054705e-05	0.000193873559598210711	-0.000229453971584929603	8.9221231401999983
3	0.000219805383161630652	-0.000196973396331741758	0.000191689369593379895	-0.00022845324488307835	0.000218162195931958933	-0.000194883241581923083	0.000190449025104160564	-0.000228390992459128985	8.9849549932999988
3	0.000187130575854989377	-0.000349368457600795004	0.000188406346735560441	-0.000226934039352431178	0.000184783198713132045	-0.000348285849177689907	0.000186794165085886992	-0.000226611786047850063	9.04778684639999931
3	0.000163543254971713057	-0.000466689201956519491	0.000184927728572387438	-0.000225322549546951533	0.000160607083183714043	-0.000466402919320907904	0.000182939692367800914	-0.000224731810320763926	9.11061869949999981
3	0.00015718352865483573	-0.000503907923068171973	0.000182224409381681558	-0.000223711285377598045	0.000153840167401076512	-0.000503768837986106645	0.000179866538676185216	-0.00022284785888098752	9.17345055260000031
3	0.000167936392503866255	-0.000457790106960934812	0.000180138330114354298	-0.000223701188393045635	0.000164343782681744674	-0.00045705673026643815	0.000177416086500979268	-0.000222579488634854866	9.23628240570000081
3	0.000189366765728101101	-0.000347483958732754583	0.000178062415503761785	-0.000223056770424595607	0.000185601861803418641	-0.000345534802937947022	0.000174977397699217242	-0.000221676297120024517	9.29911425880000309
3	0.000213044090091786016	-0.00020936013056483275	0.000175759151763814293	-0.000221633519327173872	0.000209093867879210106	-0.000205859590924826536	0.000172312495027453449	-0.000219996292896639016	9.36194611190000359
3	0.000230144304195470216	-8.69966920565108854e-05	0.000172620635925012421	-0.000222340989701579197	0.000225917932387217414	-8.19775588337912585e-05	0.000168810251271628753	-0.000220476606492469196	9.42477796500000231
3	0.000235988932515832474	-7.73610918370123432e-06	0.000169013755101179937	-0.0002237144229634119	0.0002313682971980256	-1.47667837732682893e-06	0.000164842349130197901	-0.000221641032289509189	9.48760981810000104
3	0.000228653462229744817	9.19169496524516762e-06	0.000164691041884175801	-0.000224352513277052028	0.000223528249357761129	1.62154166503140932e-05	0.000160161345827394987	-0.00022207706113994461	9.55044167119999976
3	0.000210300466244178074	-4.0067158500739451e-05	0.000159645957713217657	-0.000223749884777448682	0.000204606272314731039	-3.28422783732644166e-05	0.000154763610561744618	-0.000221273478432313536	9.61327352429999848
3	0.000185824879394839082	-0.000136622288048734802	0.000154130452718796224	-0.000220952227921873467	0.000179559017622516273	-0.000129648344926511591	0.000148906083596217053	-0.000218264264444117262	9.67610537739999721
3	0.000160723819747467294	-0.00025316423334853207	0.000148532832312648266	-0.000217467593630188432	0.000153937124612794083	-0.000246695726297056794	0.000142982588113487916	-0.000214566131663342276	9.73893723049999771
3	0.000138445877437014221	-0.000361269200004189208	0.000142594024843458654	-0.000213558867363378119	0.000131216835483123818	-0.000355345127075777547	0.000136735778650662608	-0.000210446424393096062	9.80176908359999821
3	0.000120641970463093674	-0.000442405645956446417	0.000136117646107787631	-0.000209622409956098629	0.000113056353871917185	-0.000436909160580755535	0.000129972113545828022	-0.000206309132072426217	9.86460093669999871
3	0.000107706975065813697	-0.000490674863187867943	0.000129219936411922203	-0.000205932910595846644	9.98454807173925456e-05	-0.000485423494174805315	0.000122812673782869914	-0.000202436202870355671	9.92743278979999921
3	9.87904487752378315e-05	-0.000511273582880650561	0.000121872842403613298	-0.000203466894168034286	9.07209330154269206e-05	-0.000506099573061416551	0.000115233203813830924	-0.000199814309730321504	9.99026464289999794
3	9.20831579674536853e-05	-0.000510156023044817464	0.000113675621586406287	-0.000201426470063993635	8.38588060133296429e-05	-0.000504931664443603132	0.000106835205307280958	-0.00019764469906867577	10.0530964959999984
4	8.59947104084474856e-05	-0.000494687239394905214	0.00010432331428517003	-0.000199450128315222105	7.76604314957343917e-05	-0.000489338725278139273	9.73172964544338537e-05	-0.000195567647033463706	10.1159283490999972
4	7.92698972306863839e-05	-0.000471342781836272509	9.35666279207013341e-05	-0.000197393259016655562	7.08682583905733961e-05	-0.000465847196006311957	8.64347912908709141e-05	-0.000193441619133331687	10.1787602021999959
4	7.10486328933690209e-05	-0.000444988675357216388	8.12260627361487391e-05	-0.00019523626700859942	6.26251285241653409e-05	-0.000439364671156395302	7.40139878213576008e-05	-0.000191251081678121869	10.2415920552999964
4	6.08869295416488798e-05	-0.000418815118635630841	6.72516348857571909e-05	-0.000193011617729986045	5.24945513584084694e-05	-0.000413112631129881956	6.00123947790072486e-05	-0.000189033355598067232	10.3044239083999969
4	4.88219927650539198e-05	-0.000394593350951773171	5.184689298462659e-05	-0.000190769438906569186	4.05255531859513606e-05	-0.00038888522345766947	4.46435333728058755e-05	-0.000186844291644619183	10.3672557614999956
4	3.54736114712502653e-05	-0.000372982687939414474	3.5653253647933995e-05	-0.000188550268929878531	2.73541309387228831e-05	-0.000367358934075462352	2.85623203104751096e-05	-0.00018473108307661616	10.4300876145999961
4	2.22977210867611129e-05	-0.000353834694212396147	2.00580353953326576e-05	-0.000186385520234534689	1.44576923215946443e-05	-0.000348399434584235944	1.3174542125744171e-05	-0.000182732841720365403	10.4929194676999966
4	1.19539191622030548e-05	-0.000336410808781445882	7.59510436831716057e-06	-0.00018429601844215267	4.52365415008280033e-06	-0.000331280937915347424	1.03892317396732837e-06	-0.000180878952485214627	10.5557513207999971
4	8.61685311843722741e-06	-0.000319528333600298394	2.27902751647117646e-06	-0.000182289676765270725	1.76080071642714007e-06	-0.000314832474504140919	-3.79842968343019461e-06	-0.000179186012059040386	10.6185831738999976
4	1.78669264495964498e-05	-0.000301790705918877683	9.50992579050550074e-06	-0.000180413406834591822	1.17864786757492222e-05	-0.000297666604178464561	4.097737601559124e-06	-0.000177708186301822602	10.6814150269999981
4	4.54551905190763429e-05	-0.000281686330207388193	3.4847157060854909e-05	-0.000178772364933498217	4.03810232890190271e-05	-0.000278273778675083394	3.03156060877525503e-05	-0.000176553538499262354	10.7442468800999986
4	9.44450603059428646e-05	-0.000257210999686481015	8.1157667895848676e-05	-0.000177370938551087289	9.06104846844126423e-05	-0.000254637832523388927	7.77262404794551096e-05	-0.000175720992750043174	10.8070787331999991
4	0.000161682927445240738	-0.000226388668140333941	0.000145097479291103425	-0.000176252290291974926	0.000159276558306619575	-0.00022475213686699806	0.000142944666970305962	-0.000175237058703612707	10.8699105862999996
4	0.000236782030481330049	-0.000187369774616260107	0.000216088375869612773	-0.000175456887712861222	0.000235896190596345678	-0.000186717892735667002	0.00021530174431221057	-0.000175114389008566683	10.9327424394000019
4	0.000305817733528458843	-0.000138817337391971711	0.000280151051624366208	-0.000174998849130650661	0.000306422709521389654	-0.000139139591731058857	0.000280701800851042879	-0.00017533309995831529	10.9955742925000024
4	0.00035797733649777034	-8.07018313724109358e-05	0.000326596718640260433	-0.000174894218487921124	0.000359939293743850516	-8.19359570868249211e-05	0.000328356177579046599	-0.000175877014874851713	11.0584061456000029
4	0.000389461798458022048	-1.52965276011387665e-05	0.000351996835657050755	-0.000175125024491695416	0.000392590289069111374	-1.73504694537992376e-05	0.000354781652848880293	-0.000176704144071829032	11.1212379987000034
4	0.000402504837315873464	5.11463505449180047e-05	0.000359271667546158253	-0.000175650327825766411	0.000406600551137370134	4.83630582279147224e-05	0.000362889673148133834	-0.000177759836253418607	11.1840698518000039
4	0.000400935371141920469	0.000107119913699885746	0.000353623647407516823	-0.000176196894842560665	0.00040581642371635045	0.000103663285429283968	0.000357901049440328013	-0.000178765399566576874	11.2469017049000026
4	0.000388127126472592103	0.000134454908727593171	0.000340177219922933589	-0.000176398368430344664	0.00039363584077712233	0.000130318017824657692	0.000344968569830491787	-0.000179354640279559736	11.3097335580000014
4	0.00036618693541882807	0.000111856760552830981	0.000322776226123126016	-0.000175295582103280516	0.000372184459726671295	0.000106961422668376245	0.000327963867253746862	-0.00017857101206919415	11.3725654111000001
4	0.00033698511816291645	2.32047247125344801e-05	0.000304130309963673493	-0.000172292986441010632	0.000343344076893748677	1.74241990601010455e-05	0.000309620306677538216	-0.000175827301557381993	11.4353972642000006
4	0.000303265568153998773	-0.000128371498621208268	0.000285963060623235245	-0.000166806081079538105	0.000309867816079097277	-0.000135121633645114442	0.000291680809523143505	-0.00017054900733029331	11.4982291173000029
4	0.000268894851232057326	-0.000305721768375912006	0.000268788697060779868	-0.000159622674873898652	0.000275634881037457858	-0.000313353162186843213	0.00027467304273487875	-0.000163537767875703293	11.5610609704000016
4	0.000240150767317381979	-0.000446356658252005766	0.000253307706744192716	-0.000153851510531696062	0.000246952246604504927	-0.000454544932221592215	0.000259309878079704264	-0.000157920639681945251	11.6238928235000003
4	0.000222881077465445431	-0.00049426757045311655	0.000239907451058934729	-0.000151599622658721414	0.000229712036349002312	-0.000502515618038600802	0.000245989277581972875	-0.000155811884210498984	11.6867246766000008
4	0.000219531845276538376	-0.000428345315135353582	0.000228527878592359364	-0.000150830683399612607	0.000226402957907134342	-0.000436145210993186118	0.000234658092547038448	-0.000155161298614391177	11.7495565297000013
4	0.000228208202208115277	-0.00027978004240240931	0.000219213484138020123	-0.000152230165871337442	0.00023515745794929399	-0.000286838760237031456	0.00022536708470380457	-0.000156655350325343425	11.8123883828000018
4	0.000241310326325147709	-9.46052614679275295e-05	0.000211016747443247012	-0.000153449756622596473	0.000248366058113118945	-0.000100874850826002856	0.000217169264193717624	-0.000157934558862238641	11.8752202359000023
4	0.000250628166074336168	6.14400069296456268e-05	0.00020381485337676587	-0.000156034740737058812	0.000257785016614628956	5.56926742957933226e-05	0.000209945066334397295	-0.000160552860857648136	11.938052089000001
4	0.000248462898272853636	0.000129466057588384186	0.000196918630705858065	-0.000158798311203918815	0.000255661859346612225	0.000123725518608406448	0.000203004624751885923	-0.000163321881949640642	12.0008839421000015
4	0.000232563493351071668	7.51175383356982094e-05	0.000190426622751386425	-0.000158787889139179271	0.000239706179056869848	6.8781751198029295e-05	0.00019644960587637033	-0.000163283886862351666	12.063715795200002
4	0.000206881459964172043	-8.43340272099496891e-05	0.000184603635200714219	-0.00015515038732736135	0.000213865091650723862	-9.16690829144319725e-05	0.000190549085620918214	-0.000159595246969795342	12.1265476483000025
4	0.000179646189286632911	-0.000273890731784372785	0.000179548093213318353	-0.000148950956433823757	0.000186402115803020719	-0.000282159703942904164	0.000185404065629199682	-0.000153333960290241846	12.189379501400003
4	0.000160144624515493359	-0.000412250803217211349	0.000175861725412014693	-0.000145193511051801223	0.000166666348080395663	-0.000420991378832015137	0.000181622012906156765	-0.000149531746422526762	12.2522113545000018
4	0.000152823708420235326	-0.000455151803291515221	0.000173277145142616975	-0.000143758195137730967	0.000159153750768595932	-0.00046374077578107488	0.000178935593929355858	-0.000148058396201915308	12.3150432076000005
4	0.000158249065254965584	-0.000411768921241499771	0.00017205922952900099	-0.000144239900695941874	0.000164456585635683339	-0.000419726218063970783	0.000177612697247302897	-0.000148500739125859805	12.377875060700001
4	0.000172459043311549032	-0.000314957195954135879	0.000171819345667430229	-0.000145570469841119356	0.000178606706962083781	-0.000322035007209501363	0.000177264221320372838	-0.000149782691260497868	12.4407069137999997
4	0.000190010068783195263	-0.000196905682130417837	0.000171957417404637689	-0.000146396957339305919	0.000196132616181229072	-0.000203048945241111211	0.000177287413766917903	-0.000150543687774927124	12.5035387669000002
4	0.000206815819461196793	-8.83044694381900216e-05	0.000172251228294493201	-0.000148477217175241571	0.000212918799232621338	-9.36310756254299349e-05	0.000177459101092507612	-0.000152555502588300749	12.5663706200000007
