0.365497687663731252
0.400000000000000022
0.437759267432643318
0.479082940557910952
0.524307492745269221
0.573801159834037233
0.627966938452372836
0.687245867372076158
0.752120618617278747
0.823119427567215789
0.900820394053502449
0.985856189473115485
1.07891920824422005
1.18076720554999315
1.29222946727513555
1.41421356237309492
1.54771273264438647
1.69381398009645245
1.85370691773548169
2.02869345585676797
2.22019840270314006
2.42978106580612785
2.65914794847249336
2.91016664479583698
3.1848810463318471
3.48552798425584909
3.81455544250954492
4.17464249023545086
4.56872109579664087
5.00000000000000089
5.47199084290803839
