2.172472199551127581
2.276579502534338051
2.385675744173093804
2.500000000000000000
2.619802802315170265
2.745346689207367241
2.876906779884854437
3.014771377576741074
3.159242601326044841
3.310637048058975740
3.469286486381331081
3.635538583622384134
3.809757667719538610
3.992325525613341419
4.183642239902487070
4.384127065592259065
4.594219348857754071
4.814379489835248549
5.045089951551624985
5.286856317202819788
5.540208398098243947
5.805701394699127604
6.083917113295145285
6.375465240985536575
6.680984681758748600
7.001144956598517766
7.336647670684605771
7.688228050903437527
8.056656557037968014
8.442740570167586611
8.847326161978006809
9.271299948858523265
9.715591034849619945
10.181173047698869993
10.669066272486869451
11.180339887498945473
11.716114307242328607
12.277563637743321934
12.865918249505119419
13.482467473764558008
14.128562427956607550
14.805618976578214685
15.515120833940105882
16.258622815605903611
17.037754245643888851
17.854222527158015055
18.709816883922879782
19.606412281321944135
20.545973535181516922
21.530559617504742675
22.562328168541100126
23.643540225079394901
24.776565175325778512
25.963885951225165627
27.208104469604474929
28.511947334061478188
29.878271810094719996
31.310072086568194294
32.810485837232548079
34.382801096681603781
36.030463465812623269
37.757083662580100736
39.566445434590285402
41.462513850875950538
43.449443991022540956
45.531590050686745030
47.713514883461876082
49.999999999999992895
52.396056046303392861
54.906933784147348376
57.538135597697078083
