-3.141592653589793116
-2.945243112740430824
-2.748893571891068976
-2.552544031041707129
-2.356194490192344837
-2.159844949342982545
-1.963495408493620697
-1.767145867644258628
-1.570796326794896558
-1.374446785945534488
-1.178097245096172418
-0.981747704246810571
-0.785398163397448279
-0.589048622548085987
-0.392699081698724139
-0.196349540849362292
0.000000000000000000
0.196349540849362292
0.392699081698724139
0.589048622548085987
0.785398163397448279
0.981747704246810571
1.178097245096171974
1.374446785945534266
1.570796326794896558
1.767145867644258850
1.963495408493621142
2.159844949342982545
2.356194490192344837
2.552544031041707129
2.748893571891068532
2.945243112740430824
3.141592653589793116
